# ----------------------------------------------------- #
#  Voltage Calibration Factor: Circuit 1              #
# ----------------------------------------------------- #
# ADC Voltage [V]             Calibration             #
# ----------------------------------------------------- #
0.1475     0.8666
0.1794     0.8794
0.2084     0.896
0.2395     0.9093
0.2724     0.919
0.3029     0.9337
0.3369     0.9426
0.3684     0.9534
0.4021     0.9617
0.4363     0.9683
0.471     0.9748
0.507     0.9795
0.5436     0.9846
0.5808     0.9901
0.6198     0.9942
0.657     0.9968
0.698     0.9994
0.7388     1.0041
0.8237     1.0096
0.8679     1.0121
0.9132     1.015
0.9594     1.0172
1.007     1.019
1.0557     1.0216
1.106     1.0229
1.1571     1.0243
1.2101     1.024
1.2642     1.0252
1.3192     1.026
1.376     1.0274
1.4359     1.0299
1.496     1.0311
1.5577     1.0328
1.6214     1.0337
1.686     1.0345
1.7527     1.0361
1.8207     1.0368
1.89     1.0387
1.9589     1.0401
2.0257     1.0407
2.091     1.0407
2.1623     1.0422
2.2309     1.0436
2.298     1.0439
2.364     1.0433
2.436     1.0444
2.507     1.0436
2.584     1.0434
2.665     1.0431
2.752     1.0433
3.01     1.0192
3.25     1.0512
3.45     1.0553
3.51     1.0224
3.606     1.0476
3.6122     0.9978
3.627     1.0473
3.637     1.0485
3.6409     1.0481
3.647     1.0484
3.65     1.0481
3.656     1.0485
3.658     1.0482
3.66     1.0474
3.666     1.048
3.67     1.0478
