  ---------- Measurements R  ---------- 
      Vzero [V]    Vmeas [V]    V [V]    Izero[mA]     Imeas [mA]      I [mA]         R0 [Ohm]      T1[Np]      T2[Np]  
0.00418      -0.26404       -0.26823      -0.02142    0.22642    0.24784     -1.08225     518     355
0.00418      -0.32311       -0.32729      -0.02142    0.22581    0.24723     -1.32383     160     3328
0.00418      -0.01603       -0.02021      -0.02142    -0.00527    0.01616     -1.25085     1235     1252
0.00418      -0.0177       -0.02189      -0.02142    -0.00443    0.017     -1.28785     1235     1252
0.00418      -0.01656       -0.02074      -0.02142    -0.00427    0.01715     -1.20964     1235     1252
0.00418      -0.01664       -0.02082      -0.02142    -0.00488    0.01654     -1.25891     1235     1252
0.00418      -0.01488       -0.01907      -0.02142    -0.00557    0.01585     -1.20272     1235     1252
0.00418      -0.01313       -0.01731      -0.02142    -0.00504    0.01639     -1.0564     1235     1252
0.00418      -0.01656       -0.02074      -0.02142    -0.00466    0.01677     -1.23717     1235     1252
0.00418      -0.01732       -0.02151      -0.02142    -0.00511    0.01631     -1.31869     1235     1252
0.00418      -0.01687       -0.02105      -0.02142    -0.00542    0.016     -1.31523     1235     1252
0.00418      -0.01648       -0.02067      -0.02142    -0.00466    0.01677     -1.23261     1235     1252
0.00418      -0.01274       -0.01693      -0.02142    -0.00458    0.01684     -1.00503     1235     1252
0.00418      -0.01633       -0.02052      -0.02142    -0.00496    0.01646     -1.2462     1235     1252
0.00418      -0.01633       -0.02052      -0.02142    -0.00466    0.01677     -1.22351     1235     1252
0.00418      -0.01679       -0.02097      -0.02142    -0.00473    0.01669     -1.25654     1235     1252
0.00418      -0.01419       -0.01838      -0.02142    -0.00481    0.01661     -1.10615     1235     1252
0.00418      -0.0119       -0.01609      -0.02142    -0.00458    0.01684     -0.95519     1235     1252
0.00418      -0.01732       -0.02151      -0.02142    -0.00466    0.01677     -1.28268     1235     1252
0.00418      -0.01633       -0.02052      -0.02142    -0.00473    0.01669     -1.22911     1235     1252
0.00418      -0.01557       -0.01975      -0.02142    -0.0045    0.01692     -1.16737     1235     1252
0.00418      -0.01274       -0.01693      -0.02142    -0.00519    0.01623     -1.04283     1235     1252
0.00418      -0.01694       -0.02113      -0.02142    -0.00473    0.01669     -1.26568     1235     1252
0.00418      -0.01664       -0.02082      -0.02142    -0.00488    0.01654     -1.25891     1235     1252
0.00418      -0.01595       -0.02013      -0.02142    -0.00481    0.01661     -1.21179     1235     1252
0.00418      -0.01252       -0.0167      -0.02142    -0.00481    0.01661     -1.0051     1235     1252
0.00418      -0.0158       -0.01998      -0.02142    -0.00473    0.01669     -1.1971     1235     1252
0.00418      -0.01633       -0.02052      -0.02142    -0.00473    0.01669     -1.22911     1235     1252
0.00418      -0.01702       -0.0212      -0.02142    -0.00458    0.01684     -1.25874     1235     1252
0.00418      -0.01595       -0.02013      -0.02142    -0.00458    0.01684     -1.19532     1235     1252
0.00418      -0.01381       -0.018      -0.02142    -0.00519    0.01623     -1.10864     1235     1252
0.00418      -0.0158       -0.01998      -0.02142    -0.00511    0.01631     -1.22511     1235     1252
0.00418      -0.01755       -0.02174      -0.02142    -0.00443    0.017     -1.27887     1235     1252
0.00418      -0.01679       -0.02097      -0.02142    -0.00427    0.01715     -1.22299     1235     1252
0.00418      -0.01648       -0.02067      -0.02142    -0.00504    0.01639     -1.26132     1235     1252
0.00418      -0.0158       -0.01998      -0.02142    -0.00473    0.01669     -1.1971     1235     1252
0.00418      -0.01221       -0.01639      -0.02142    -0.00488    0.01654     -0.99128     1235     1252
0.00418      -0.01549       -0.01968      -0.02142    -0.0042    0.01723     -1.14226     1235     1252
0.00418      -0.01633       -0.02052      -0.02142    -0.00435    0.01707     -1.20164     1235     1252
0.00418      -0.01709       -0.02128      -0.02142    -0.00443    0.017     -1.25193     1235     1252
0.00418      -0.01641       -0.02059      -0.02142    -0.00458    0.01684     -1.2225     1235     1252
0.00418      -0.01671       -0.0209      -0.02142    -0.00466    0.01677     -1.24627     1235     1252
0.00418      -0.01648       -0.02067      -0.02142    -0.00511    0.01631     -1.26722     1235     1252
0.00418      -0.01671       -0.0209      -0.02142    -0.00481    0.01661     -1.25772     1235     1252
0.00418      -0.01564       -0.01983      -0.02142    -0.00473    0.01669     -1.18796     1235     1252
0.00418      -0.01404       -0.01823      -0.02142    -0.00473    0.01669     -1.09194     1235     1252
0.00418      -0.01374       -0.01792      -0.02142    -0.00473    0.01669     -1.07366     1235     1252
0.00418      -0.01274       -0.01693      -0.02142    -0.00473    0.01669     -1.01422     1235     1252
0.00418      -0.01267       -0.01685      -0.02142    -0.00481    0.01661     -1.01428     1235     1252
0.00418      -0.0116       -0.01578      -0.02142    -0.00542    0.016     -0.98622     1235     1252
0.00418      -0.0119       -0.01609      -0.02142    -0.00473    0.01669     -0.96393     1235     1252
0.00418      -0.01542       -0.0196      -0.02142    -0.00458    0.01684     -1.1636     1235     1252
0.00418      -0.01542       -0.0196      -0.02142    -0.0045    0.01692     -1.15835     1235     1252
0.00418      -0.01603       -0.02021      -0.02142    -0.00466    0.01677     -1.20531     1235     1252
0.00418      -0.01557       -0.01975      -0.02142    -0.00481    0.01661     -1.18882     1235     1252
0.00418      -0.01618       -0.02036      -0.02142    -0.00549    0.01593     -1.27841     1235     1252
0.00418      -0.01572       -0.0199      -0.02142    -0.00511    0.01631     -1.22043     1235     1252
0.00418      -0.01557       -0.01975      -0.02142    -0.00481    0.01661     -1.18882     1235     1252
0.00418      -0.0116       -0.01578      -0.02142    -0.00527    0.01616     -0.9769     1235     1252
0.00418      -0.01236       -0.01655      -0.02142    -0.00466    0.01677     -0.98685     1235     1252
0.00418      -0.01282       -0.017      -0.02142    -0.00458    0.01684     -1.00956     1235     1252
0.00418      -0.01465       -0.01884      -0.02142    -0.00488    0.01654     -1.13894     1235     1252
0.00418      -0.0158       -0.01998      -0.02142    -0.00488    0.01654     -1.20815     1235     1252
0.00418      -0.01709       -0.02128      -0.02142    -0.00466    0.01677     -1.26902     1235     1252
0.00418      -0.01664       -0.02082      -0.02142    -0.00458    0.01684     -1.23609     1235     1252
0.00418      -0.01648       -0.02067      -0.02142    -0.00458    0.01684     -1.22703     1235     1252
0.00418      -0.01725       -0.02143      -0.02142    -0.00473    0.01669     -1.28397     1235     1252
0.00418      -0.01587       -0.02006      -0.02142    -0.00481    0.01661     -1.20719     1235     1252
0.00418      -0.01252       -0.0167      -0.02142    -0.00466    0.01677     -0.99595     1235     1252
0.00418      -0.01587       -0.02006      -0.02142    -0.00496    0.01646     -1.21838     1235     1252
0.00418      -0.01687       -0.02105      -0.02142    -0.00488    0.01654     -1.27275     1235     1252
0.00418      -0.0161       -0.02029      -0.02142    -0.00466    0.01677     -1.20986     1235     1252
0.00418      -0.01633       -0.02052      -0.02142    -0.00481    0.01661     -1.23475     1235     1252
0.00418      -0.0129       -0.01708      -0.02142    -0.00458    0.01684     -1.01409     1235     1252
0.00418      -0.0161       -0.02029      -0.02142    -0.0045    0.01692     -1.19894     1235     1252
0.00418      -0.01664       -0.02082      -0.02142    -0.0045    0.01692     -1.23052     1235     1252
0.00418      -0.01656       -0.02074      -0.02142    -0.00473    0.01669     -1.24282     1235     1252
0.00418      -0.01152       -0.01571      -0.02142    -0.00466    0.01677     -0.93678     1235     1252
0.00418      -0.01664       -0.02082      -0.02142    -0.00458    0.01684     -1.23609     1235     1252
0.00418      -0.01641       -0.02059      -0.02142    -0.00458    0.01684     -1.2225     1235     1252
0.00418      -0.01564       -0.01983      -0.02142    -0.00458    0.01684     -1.17719     1235     1252
0.00418      -0.01519       -0.01937      -0.02142    -0.00534    0.01608     -1.20458     1235     1252
0.00418      -0.01679       -0.02097      -0.02142    -0.00511    0.01631     -1.28593     1235     1252
0.00418      -0.01694       -0.02113      -0.02142    -0.00466    0.01677     -1.25992     1235     1252
0.00418      -0.01252       -0.0167      -0.02142    -0.00488    0.01654     -1.00974     1235     1252
0.00418      -0.01671       -0.0209      -0.02142    -0.00458    0.01684     -1.24062     1235     1252
0.00418      -0.01679       -0.02097      -0.02142    -0.00488    0.01654     -1.26813     1235     1252
0.00418      -0.01664       -0.02082      -0.02142    -0.00488    0.01654     -1.25891     1235     1252
0.00418      -0.01305       -0.01723      -0.02142    -0.00481    0.01661     -1.03725     1235     1252
0.00418      -0.01671       -0.0209      -0.02142    -0.00458    0.01684     -1.24062     1235     1252
0.00418      -0.01694       -0.02113      -0.02142    -0.00481    0.01661     -1.2715     1235     1252
0.00418      -0.01267       -0.01685      -0.02142    -0.00481    0.01661     -1.01428     1235     1252
0.00418      -0.01664       -0.02082      -0.02142    -0.00504    0.01639     -1.27063     1235     1252
0.00418      -0.01236       -0.01655      -0.02142    -0.00488    0.01654     -1.00051     1235     1252
0.00418      -0.01664       -0.02082      -0.02142    -0.00473    0.01669     -1.24739     1235     1252
0.00418      -0.01687       -0.02105      -0.02142    -0.00473    0.01669     -1.26111     1235     1252
0.00418      -0.01267       -0.01685      -0.02142    -0.00443    0.017     -0.99151     1235     1252
0.00418      -0.01671       -0.0209      -0.02142    -0.0045    0.01692     -1.23503     1235     1252
0.00418      -0.0174       -0.02158      -0.02142    -0.00519    0.01623     -1.32959     1235     1252
0.00418      -0.01267       -0.01685      -0.02142    -0.00473    0.01669     -1.00965     1235     1252
0.00418      -1.43086       -1.43505      -0.02142    -0.00328    0.01814     -79.10496     1235     1252
0.00418      -1.42987       -1.43405      -0.02142    -0.00313    0.01829     -78.39075     1235     1252
0.00418      -1.43147       -1.43566      -0.02142    -0.00298    0.01845     -77.82902     1235     1252
0.00418      -1.43155       -1.43573      -0.02142    -0.00252    0.0189     -75.94797     1235     1252
0.00418      -1.43017       -1.43436      -0.02142    -0.00206    0.01936     -74.08099     1235     1253
0.00418      -1.43086       -1.43505      -0.02142    -0.00252    0.0189     -75.91163     1235     1253
0.00418      -1.43109       -1.43527      -0.02142    -0.00259    0.01883     -76.23148     1235     1253
0.00418      -1.43201       -1.43619      -0.02142    -0.00328    0.01814     -79.16805     1235     1253
0.00418      -1.43147       -1.43566      -0.02142    -0.0029    0.01852     -77.50836     1235     1253
0.00418      -1.4317       -1.43588      -0.02142    -0.00328    0.01814     -79.15123     1235     1253
0.00418      -1.43201       -1.43619      -0.02142    -0.00282    0.0186     -77.21906     1235     1253
0.00418      -1.43086       -1.43505      -0.02142    -0.00298    0.01845     -77.79592     1235     1253
0.00418      -1.43193       -1.43611      -0.02142    -0.0029    0.01852     -77.53308     1235     1253
0.00418      -1.42987       -1.43405      -0.02142    -0.00229    0.01913     -74.95146     1235     1253
0.00418      -1.43132       -1.4355      -0.02142    -0.00259    0.01883     -76.24364     1235     1253
0.00418      -1.43246       -1.43665      -0.02142    -0.00275    0.01868     -76.92804     1235     1253
0.00418      -1.43155       -1.43573      -0.02142    -0.00259    0.01883     -76.2558     1235     1253
0.00418      -1.4301       -1.43428      -0.02142    -0.00252    0.0189     -75.87127     1235     1253
0.00418      -1.43162       -1.43581      -0.02142    -0.00267    0.01875     -76.5702     1235     1253
0.00418      -1.43178       -1.43596      -0.02142    -0.00305    0.01837     -78.16895     1235     1253
0.00418      -1.43185       -1.43604      -0.02142    -0.00282    0.0186     -77.21086     1235     1253
0.00418      -1.43025       -1.43443      -0.02142    -0.00298    0.01845     -77.76282     1235     1253
0.00418      -1.43071       -1.43489      -0.02142    -0.00282    0.0186     -77.14931     1235     1253
0.00418      -1.43185       -1.43604      -0.02142    -0.00229    0.01913     -75.05516     1235     1253
0.00418      -1.43208       -1.43627      -0.02142    -0.00206    0.01936     -74.17953     1235     1253
0.00418      -1.43094       -1.43512      -0.02142    -0.0029    0.01852     -77.47952     1235     1253
0.00418      -1.4304       -1.43459      -0.02142    -0.00221    0.01921     -74.68151     1235     1253
0.00418      -1.43147       -1.43566      -0.02142    -0.00267    0.01875     -76.56206     1235     1253
0.00418      -1.43071       -1.43489      -0.02142    -0.00305    0.01837     -78.11079     1235     1253
0.00418      -1.42972       -1.4339      -0.02142    0.00824    0.02966     -48.3377     1235     1253
0.00418      -1.43033       -1.43451      -0.02142    -0.00191    0.01951     -73.50942     1235     1253
0.00418      -1.4304       -1.43459      -0.02142    -0.00321    0.01822     -78.74845     1235     1253
0.00418      -1.43071       -1.43489      -0.02142    -0.00298    0.01845     -77.78765     1235     1253
0.00418      -1.43185       -1.43604      -0.02142    -0.00259    0.01883     -76.27201     1235     1253
0.00418      -1.43162       -1.43581      -0.02142    0.00504    0.02646     -54.2652     1235     1253
0.00418      -1.43124       -1.43543      -0.02142    -0.00221    0.01921     -74.72521     1235     1253
0.00418      -1.43178       -1.43596      -0.02142    -0.00267    0.01875     -76.57834     1235     1253
0.00418      -1.43193       -1.43611      -0.02142    -0.00229    0.01913     -75.05915     1235     1253
0.00418      -1.43117       -1.43535      -0.02142    -0.00275    0.01868     -76.85857     1235     1253
0.00418      -1.43139       -1.43558      -0.02142    -0.00168    0.01974     -72.71115     1235     1253
0.00418      -1.43162       -1.43581      -0.02142    -0.00237    0.01906     -75.3437     1235     1253
0.00418      -1.43078       -1.43497      -0.02142    -0.00244    0.01898     -75.6024     1235     1253
0.00418      -1.43193       -1.43611      -0.02142    -0.00229    0.01913     -75.05915     1235     1253
0.00418      -1.43086       -1.43505      -0.02142    -0.00244    0.01898     -75.60642     1235     1253
0.00418      -1.43132       -1.4355      -0.02142    -0.00282    0.0186     -77.18214     1235     1253
0.00418      -1.42972       -1.4339      -0.02142    -0.00252    0.0189     -75.85108     1235     1253
0.00418      -1.43033       -1.43451      -0.02142    -0.00229    0.01913     -74.97539     1235     1253
0.00418      -1.42972       -1.4339      -0.02142    -0.00252    0.0189     -75.85108     1235     1253
0.00418      -1.43178       -1.43596      -0.02142    -0.00244    0.01898     -75.65467     1235     1253
0.00418      -1.42979       -1.43398      -0.02142    -0.00321    0.01822     -78.71494     1235     1253
0.00418      -1.42995       -1.43413      -0.02142    -0.00244    0.01898     -75.55818     1235     1253
0.00418      -1.43033       -1.43451      -0.02142    -0.00313    0.01829     -78.41578     1235     1253
0.00418      -1.43025       -1.43443      -0.02142    -0.00237    0.01906     -75.27162     1235     1253
0.00418      -1.4304       -1.43459      -0.02142    -0.00359    0.01784     -80.43313     1235     1253
0.00418      -1.43178       -1.43596      -0.02142    -0.00244    0.01898     -75.65467     1235     1253
0.00418      -1.43239       -1.43657      -0.02142    -0.00282    0.0186     -77.23958     1235     1253
0.00418      -1.43109       -1.43527      -0.02142    -0.00237    0.01906     -75.31567     1235     1253
0.00418      -1.43101       -1.4352      -0.02142    -0.00305    0.01837     -78.12741     1235     1253
0.00418      -1.43185       -1.43604      -0.02142    -0.00259    0.01883     -76.27201     1235     1253
0.00418      -1.43124       -1.43543      -0.02142    -0.00298    0.01845     -77.81661     1235     1253
0.00418      -1.43162       -1.43581      -0.02142    -0.00237    0.01906     -75.3437     1235     1253
0.00418      -1.42972       -1.4339      -0.02142    -0.00252    0.0189     -75.85108     1235     1253
0.00418      -1.43078       -1.43497      -0.02142    -0.00237    0.01906     -75.29966     1235     1253
0.00418      -1.43216       -1.43634      -0.02142    -0.00244    0.01898     -75.67477     1235     1253
0.00418      -1.43162       -1.43581      -0.02142    -0.00267    0.01875     -76.5702     1235     1253
0.00418      -1.43002       -1.43421      -0.02142    -0.0029    0.01852     -77.43008     1235     1253
0.00418      -1.43193       -1.43611      -0.02142    0.01549    0.03691     -38.90439     1235     1253
0.00418      -1.43139       -1.43558      -0.02142    -0.00206    0.01936     -74.14406     1235     1253
0.00418      -1.43201       -1.43619      -0.02142    -0.00267    0.01875     -76.59055     1235     1253
0.00418      -1.43216       -1.43634      -0.02142    -0.00237    0.01906     -75.37174     1235     1253
0.00418      -1.4304       -1.43459      -0.02142    -0.00282    0.0186     -77.1329     1235     1253
0.00418      -1.43101       -1.4352      -0.02142    -0.00259    0.01883     -76.22742     1235     1253
0.00418      -1.43132       -1.4355      -0.02142    -0.00298    0.01845     -77.82074     1235     1253
0.00418      -1.43048       -1.43466      -0.02142    -0.00229    0.01913     -74.98337     1235     1253
0.00418      -1.43094       -1.43512      -0.02142    -0.00206    0.01936     -74.12041     1235     1253
0.00418      -1.4304       -1.43459      -0.02142    -0.0029    0.01852     -77.45068     1235     1253
0.00418      -1.43048       -1.43466      -0.02142    -0.00282    0.0186     -77.137     1235     1253
0.00418      -1.43216       -1.43634      -0.02142    -0.00244    0.01898     -75.67477     1235     1253
0.00418      -1.43201       -1.43619      -0.02142    -0.00252    0.0189     -75.97219     1235     1253
0.00418      -1.43155       -1.43573      -0.02142    -0.00259    0.01883     -76.2558     1235     1253
0.00418      -1.43208       -1.43627      -0.02142    -0.00282    0.0186     -77.22317     1235     1253
0.00418      -1.43139       -1.43558      -0.02142    -0.00252    0.0189     -75.93989     1235     1253
0.00418      -1.4317       -1.43588      -0.02142    -0.00221    0.01921     -74.74905     1235     1253
0.00418      -1.43094       -1.43512      -0.02142    -0.0029    0.01852     -77.47952     1235     1253
0.00418      -1.43223       -1.43642      -0.02142    -0.00275    0.01868     -76.91578     1235     1253
0.00418      -1.43277       -1.43695      -0.02142    -0.00282    0.0186     -77.26009     1235     1253
0.00418      -1.43033       -1.43451      -0.02142    -0.00282    0.0186     -77.1288     1235     1253
0.00418      -1.43124       -1.43543      -0.02142    -0.00237    0.01906     -75.32368     1235     1253
0.00418      -1.4304       -1.43459      -0.02142    -0.00221    0.01921     -74.68151     1235     1253
0.00418      -1.43223       -1.43642      -0.02142    -0.00259    0.01883     -76.29227     1235     1253
0.00418      -1.43162       -1.43581      -0.02142    -0.00359    0.01784     -80.50158     1235     1253
0.00418      -1.43002       -1.43421      -0.02142    -0.00282    0.0186     -77.11238     1235     1253
0.00418      -1.43193       -1.43611      -0.02142    -0.00229    0.01913     -75.05915     1235     1253
0.00418      -1.43101       -1.4352      -0.02142    -0.00244    0.01898     -75.61447     1235     1253
0.00418      -1.433       -1.43718      -0.02142    -0.00229    0.01913     -75.11499     1235     1253
0.00418      -1.43086       -1.43505      -0.02142    -0.00237    0.01906     -75.30366     1235     1253
0.00418      -1.43017       -1.43436      -0.02142    -0.00221    0.01921     -74.66959     1235     1253
0.00418      -1.4317       -1.43588      -0.02142    -0.00259    0.01883     -76.2639     1235     1253
0.00418      -1.43193       -1.43611      -0.02142    -0.00229    0.01913     -75.05915     1235     1253
0.00418      -1.43017       -1.43436      -0.02142    -0.00305    0.01837     -78.08171     1235     1253
0.00418      -1.43124       -1.43543      -0.02142    -0.00252    0.0189     -75.93182     1235     1253
0.00418      -1.43101       -1.4352      -0.02142    -0.00244    0.01898     -75.61447     1235     1253
0.00418      -1.43109       -1.43527      -0.02142    -0.00229    0.01913     -75.01528     1235     1253
0.00418      -1.43094       -1.43512      -0.02142    -0.00275    0.01868     -76.84631     1235     1253
0.00418      -1.43071       -1.43489      -0.02142    -0.00282    0.0186     -77.14931     1235     1253
0.00418      -1.43101       -1.4352      -0.02142    -0.00252    0.0189     -75.91971     1235     1253
0.00418      -1.43132       -1.4355      -0.02142    -0.00298    0.01845     -77.82074     1235     1253
0.00418      -1.43162       -1.43581      -0.02142    0.01587    0.0373     -38.49818     1235     1253
0.00418      -1.43086       -1.43505      -0.02142    -0.00244    0.01898     -75.60642     1235     1253
0.00418      -1.43025       -1.43443      -0.02142    -0.00282    0.0186     -77.12469     1235     1253
0.00418      -1.43231       -1.43649      -0.02142    -0.00252    0.0189     -75.98833     1235     1253
0.00418      -1.43117       -1.43535      -0.02142    -0.00252    0.0189     -75.92778     1235     1253
0.00418      -1.43078       -1.43497      -0.02142    -0.00305    0.01837     -78.11495     1235     1253
0.00418      -1.43078       -1.43497      -0.02142    -0.00282    0.0186     -77.15341     1235     1253
0.00418      -1.4317       -1.43588      -0.02142    -0.00237    0.01906     -75.34771     1235     1253
0.00418      -1.43063       -1.43482      -0.02142    -0.00229    0.01913     -74.99134     1235     1253
0.00418      -1.43246       -1.43665      -0.02142    -0.00221    0.01921     -74.78877     1235     1253
0.00418      -1.43002       -1.43421      -0.02142    -0.00275    0.01868     -76.79728     1235     1253
0.00418      -1.4317       -1.43588      -0.02142    -0.00305    0.01837     -78.1648     1235     1253
0.00418      -1.4304       -1.43459      -0.02142    -0.00267    0.01875     -76.50509     1235     1253
0.00418      -1.43124       -1.43543      -0.02142    -0.00229    0.01913     -75.02325     1235     1253
0.00418      -1.43162       -1.43581      -0.02142    0.01534    0.03676     -39.05761     1235     1253
0.00418      -1.43017       -1.43436      -0.02142    -0.00221    0.01921     -74.66959     1235     1253
0.00418      -1.4304       -1.43459      -0.02142    -0.00275    0.01868     -76.81771     1235     1253
0.00418      -1.43162       -1.43581      -0.02142    -0.00282    0.0186     -77.19855     1235     1253
0.00418      -1.43124       -1.43543      -0.02142    -0.00313    0.01829     -78.46584     1235     1253
0.00418      -1.43056       -1.43474      -0.02142    -0.00244    0.01898     -75.59034     1235     1253
0.00418      -1.43162       -1.43581      -0.02142    -0.00252    0.0189     -75.952     1235     1253
0.00418      -1.43078       -1.43497      -0.02142    -0.00252    0.0189     -75.9076     1235     1253
0.00418      -1.43178       -1.43596      -0.02142    0.01526    0.03668     -39.14301     1235     1253
0.00418      -1.43086       -1.43505      -0.02142    -0.00168    0.01974     -72.6841     1235     1253
0.00418      -1.42979       -1.43398      -0.02142    -0.00237    0.01906     -75.2476     1235     1253
0.00418      -1.43063       -1.43482      -0.02142    -0.00252    0.0189     -75.89952     1235     1253
0.00418      -1.43017       -1.43436      -0.02142    -0.00221    0.01921     -74.66959     1235     1253
0.00418      -1.43231       -1.43649      -0.02142    -0.00328    0.01814     -79.18488     1235     1253
0.00418      -1.43147       -1.43566      -0.02142    -0.00221    0.01921     -74.73713     1235     1253
0.00418      -1.43048       -1.43466      -0.02142    -0.00237    0.01906     -75.28364     1235     1253
0.00418      -1.42979       -1.43398      -0.02142    -0.00313    0.01829     -78.38658     1235     1253
0.00418      -1.43056       -1.43474      -0.02142    -0.00191    0.01951     -73.52116     1235     1253
0.00418      -1.43162       -1.43581      -0.02142    -0.00267    0.01875     -76.5702     1235     1253
0.00418      -1.43132       -1.4355      -0.02142    -0.00221    0.01921     -74.72918     1235     1253
0.00418      -1.43071       -1.43489      -0.02142    -0.00237    0.01906     -75.29565     1235     1253
0.00418      -1.4304       -1.43459      -0.02142    -0.00259    0.01883     -76.195     1235     1253
0.00418      -1.43048       -1.43466      -0.02142    -0.00244    0.01898     -75.58632     1235     1253
0.00418      -1.43124       -1.43543      -0.02142    -0.00214    0.01929     -74.42953     1235     1253
0.00418      -1.43124       -1.43543      -0.02142    -0.00252    0.0189     -75.93182     1235     1253
0.00418      -1.43056       -1.43474      -0.02142    -0.00229    0.01913     -74.98736     1235     1253
0.00418      -1.43155       -1.43573      -0.02142    -0.00259    0.01883     -76.2558     1235     1253
0.00418      -1.43086       -1.43505      -0.02142    -0.00298    0.01845     -77.79592     1235     1253
0.00418      -1.43094       -1.43512      -0.02142    -0.00252    0.0189     -75.91567     1235     1253
0.00418      -1.43147       -1.43566      -0.02142    -0.00229    0.01913     -75.03522     1235     1253
0.00418      -1.4304       -1.43459      -0.02142    -0.00282    0.0186     -77.1329     1235     1253
0.00418      -1.43063       -1.43482      -0.02142    -0.00237    0.01906     -75.29165     1235     1253
0.00418      -1.43132       -1.4355      -0.02142    -0.00259    0.01883     -76.24364     1235     1253
0.00418      -1.43033       -1.43451      -0.02142    -0.00259    0.01883     -76.19095     1235     1253
0.00418      -1.4301       -1.43428      -0.02142    -0.00252    0.0189     -75.87127     1235     1253
0.00418      -1.43025       -1.43443      -0.02142    -0.00313    0.01829     -78.41161     1235     1253
0.00418      -1.43155       -1.43573      -0.02142    -0.00244    0.01898     -75.64261     1235     1253
0.00418      -1.43193       -1.43611      -0.02142    -0.00229    0.01913     -75.05915     1235     1253
0.00418      -1.42941       -1.4336      -0.02142    -0.00229    0.01913     -74.92753     1235     1253
0.00418      -1.43101       -1.4352      -0.02142    -0.00336    0.01806     -79.44758     1235     1253
0.00418      -1.4304       -1.43459      -0.02142    -0.00221    0.01921     -74.68151     1235     1253
0.00418      -1.43078       -1.43497      -0.02142    8e-05    0.0215     -66.74652     1235     1253
0.00418      -1.42964       -1.43382      -0.02142    -0.00198    0.01944     -73.76268     1235     1253
0.00418      -1.43139       -1.43558      -0.02142    -0.00221    0.01921     -74.73316     1235     1253
0.00418      -1.43078       -1.43497      -0.02142    -0.00305    0.01837     -78.11495     1235     1253
0.00418      -1.43132       -1.4355      -0.02142    0.01618    0.0376     -38.17752     1235     1253
0.00418      -1.42987       -1.43405      -0.02142    -0.00252    0.0189     -75.85916     1235     1253
0.00418      -1.43086       -1.43505      -0.02142    -0.00336    0.01806     -79.43913     1235     1253
0.00418      -1.42964       -1.43382      -0.02142    -0.00298    0.01845     -77.72973     1235     1253
0.00418      -1.43155       -1.43573      -0.02142    -0.00206    0.01936     -74.15194     1235     1253
0.00418      -1.42964       -1.43382      -0.02142    -0.00267    0.01875     -76.46439     1235     1253
0.00418      -1.43094       -1.43512      -0.02142    -0.00359    0.01784     -80.46308     1235     1253
0.00418      -1.43155       -1.43573      -0.02142    -0.00267    0.01875     -76.56613     1235     1253
0.00418      -1.43025       -1.43443      -0.02142    -0.00313    0.01829     -78.41161     1235     1253
0.00418      -1.43147       -1.43566      -0.02142    -0.00282    0.0186     -77.19034     1235     1253
0.00418      -1.43132       -1.4355      -0.02142    0.01412    0.03554     -40.39086     1235     1253
0.00418      -1.4301       -1.43428      -0.02142    -0.00229    0.01913     -74.96343     1235     1253
0.00418      -1.43185       -1.43604      -0.02142    -0.00237    0.01906     -75.35572     1235     1253
0.00418      -1.43109       -1.43527      -0.02142    -0.00259    0.01883     -76.23148     1235     1253
0.00418      -1.43056       -1.43474      -0.02142    0.00794    0.02936     -48.86887     1235     1253
0.00418      -1.43109       -1.43527      -0.02142    -0.00206    0.01936     -74.12829     1235     1253
0.00418      -1.43017       -1.43436      -0.02142    -0.00244    0.01898     -75.57024     1235     1253
0.00418      -1.43063       -1.43482      -0.02142    -0.00275    0.01868     -76.82997     1235     1253
0.00418      -1.43147       -1.43566      -0.02142    -0.00305    0.01837     -78.15233     1235     1253
0.00418      -1.43147       -1.43566      -0.02142    -0.00275    0.01868     -76.87492     1235     1253
0.00418      -1.43162       -1.43581      -0.02142    -0.00252    0.0189     -75.952     1235     1253
0.00418      -1.43056       -1.43474      -0.02142    -0.0029    0.01852     -77.45892     1235     1253
0.00418      -1.43078       -1.43497      -0.02142    -0.00259    0.01883     -76.21526     1235     1253
0.00418      -1.4317       -1.43588      -0.02142    -0.00267    0.01875     -76.57427     1235     1253
0.00418      -1.4317       -1.43588      -0.02142    -0.00214    0.01929     -74.45327     1235     1253
0.00418      -1.43086       -1.43505      -0.02142    0.01015    0.03157     -45.45304     1235     1253
0.00418      -1.42972       -1.4339      -0.02142    -0.00229    0.01913     -74.94348     1235     1253
0.00418      -1.43216       -1.43634      -0.02142    -0.00206    0.01936     -74.18347     1235     1253
0.00418      -1.43124       -1.43543      -0.02142    -0.00252    0.0189     -75.93182     1235     1253
0.00418      -1.42949       -1.43367      -0.02142    -0.00237    0.01906     -75.23158     1235     1253
0.00418      -1.43178       -1.43596      -0.02142    -0.00259    0.01883     -76.26796     1235     1253
0.00418      -1.43101       -1.4352      -0.02142    -0.00221    0.01921     -74.71329     1235     1253
0.00418      -1.43185       -1.43604      -0.02142    -0.00237    0.01906     -75.35572     1235     1253
0.00418      -1.43193       -1.43611      -0.02142    -0.00198    0.01944     -73.88046     1235     1253
0.00418      -1.43101       -1.4352      -0.02142    -0.00252    0.0189     -75.91971     1235     1253
0.00418      -1.43178       -1.43596      -0.02142    -0.00252    0.0189     -75.96008     1235     1253
0.00418      -1.43071       -1.43489      -0.02142    -0.00221    0.01921     -74.6974     1235     1253
0.00418      -1.43094       -1.43512      -0.02142    -0.00214    0.01929     -74.4137     1235     1253
0.00418      -1.43155       -1.43573      -0.02142    -0.00221    0.01921     -74.7411     1235     1253
0.00418      -1.43086       -1.43505      -0.02142    -0.00252    0.0189     -75.91163     1235     1253
0.00418      -1.43132       -1.4355      -0.02142    -0.00282    0.0186     -77.18214     1235     1253
0.00418      -1.43185       -1.43604      -0.02142    -0.00305    0.01837     -78.17311     1235     1253
0.00418      -1.4317       -1.43588      -0.02142    -0.00168    0.01974     -72.72662     1235     1253
0.00418      -1.43124       -1.43543      -0.02142    -0.00252    0.0189     -75.93182     1235     1253
0.00418      -1.43262       -1.4368      -0.02142    0.01625    0.03768     -38.13463     1235     1253
0.00418      -1.43139       -1.43558      -0.02142    -0.00221    0.01921     -74.73316     1235     1253
0.00418      -1.43117       -1.43535      -0.02142    -0.00229    0.01913     -75.01926     1235     1253
0.00418      -1.43223       -1.43642      -0.02142    -0.00244    0.01898     -75.6788     1235     1253
0.00418      -1.43292       -1.43711      -0.02142    -0.0029    0.01852     -77.58664     1235     1253
0.00418      -1.4317       -1.43588      -0.02142    -0.00259    0.01883     -76.2639     1235     1253
0.00418      -1.43063       -1.43482      -0.02142    -0.00298    0.01845     -77.78351     1235     1253
0.00418      -1.43063       -1.43482      -0.02142    -0.00229    0.01913     -74.99134     1235     1253
0.00418      -1.43071       -1.43489      -0.02142    -0.00252    0.0189     -75.90356     1235     1253
0.00418      -1.43086       -1.43505      -0.02142    -0.00221    0.01921     -74.70535     1235     1253
0.00418      -1.43147       -1.43566      -0.02142    -0.00191    0.01951     -73.56808     1235     1253
0.00418      -1.43132       -1.4355      -0.02142    -0.00321    0.01822     -78.79872     1235     1253
0.00418      -1.43117       -1.43535      -0.02142    -0.00267    0.01875     -76.54578     1235     1253
0.00418      -1.43178       -1.43596      -0.02142    -0.00214    0.01929     -74.45723     1235     1253
0.00418      -1.43048       -1.43466      -0.02142    -0.00267    0.01875     -76.50916     1235     1253
0.00418      -1.43078       -1.43497      -0.02142    -0.00237    0.01906     -75.29966     1235     1253
0.00418      -1.43139       -1.43558      -0.02142    -0.00252    0.0189     -75.93989     1235     1253
0.00418      -1.43101       -1.4352      -0.02142    -0.00282    0.0186     -77.16572     1235     1253
0.00418      -1.43132       -1.4355      -0.02142    -0.00275    0.01868     -76.86675     1235     1253
0.00418      -1.43094       -1.43512      -0.02142    -0.00237    0.01906     -75.30766     1235     1253
0.00418      -1.4301       -1.43428      -0.02142    -0.00259    0.01883     -76.17879     1235     1253
0.00418      -1.42995       -1.43413      -0.02142    -0.00191    0.01951     -73.48987     1235     1253
0.00418      -1.43132       -1.4355      -0.02142    -0.00267    0.01875     -76.55392     1235     1253
0.00418      -1.43078       -1.43497      -0.02142    -0.00259    0.01883     -76.21526     1235     1253
0.00418      -1.43147       -1.43566      -0.02142    -0.00237    0.01906     -75.3357     1235     1253
0.00418      -1.43208       -1.43627      -0.02142    -0.00229    0.01913     -75.06713     1235     1253
0.00418      -1.43056       -1.43474      -0.02142    -0.00229    0.01913     -74.98736     1235     1253
0.00418      -1.43056       -1.43474      -0.02142    -0.00252    0.0189     -75.89549     1235     1253
0.00418      -1.43132       -1.4355      -0.02142    -0.00244    0.01898     -75.63055     1235     1253
0.00418      -1.43109       -1.43527      -0.02142    -0.00229    0.01913     -75.01528     1235     1253
0.00418      -1.43117       -1.43535      -0.02142    -0.00252    0.0189     -75.92778     1235     1253
0.00418      -1.4301       -1.43428      -0.02142    -0.00244    0.01898     -75.56622     1235     1253
0.00418      -1.43155       -1.43573      -0.02142    -0.00237    0.01906     -75.3397     1235     1253
0.00418      -1.43094       -1.43512      -0.02142    -0.00267    0.01875     -76.53357     1235     1253
0.00418      -1.43124       -1.43543      -0.02142    -0.00267    0.01875     -76.54985     1235     1253
0.00418      -1.43094       -1.43512      -0.02142    -0.00244    0.01898     -75.61045     1235     1253
0.00418      -1.43117       -1.43535      -0.02142    -0.00282    0.0186     -77.17393     1235     1253
0.00418      -1.43132       -1.4355      -0.02142    -0.00237    0.01906     -75.32769     1235     1253
0.00418      -1.43277       -1.43695      -0.02142    -0.00252    0.0189     -76.01255     1235     1253
0.00418      -1.43056       -1.43474      -0.02142    -0.00275    0.01868     -76.82588     1235     1253
0.00418      -1.43147       -1.43566      -0.02142    -0.00298    0.01845     -77.82902     1235     1253
0.00418      -1.43262       -1.4368      -0.02142    -0.00198    0.01944     -73.91579     1235     1253
0.00418      -1.42995       -1.43413      -0.02142    -0.00252    0.0189     -75.86319     1235     1253
0.00418      -1.43246       -1.43665      -0.02142    -0.00244    0.01898     -75.69086     1235     1253
0.00418      -1.43178       -1.43596      -0.02142    -0.00275    0.01868     -76.89126     1235     1253
0.00418      -1.43223       -1.43642      -0.02142    -0.00282    0.0186     -77.23137     1235     1253
0.00418      -1.43086       -1.43505      -0.02142    -0.00259    0.01883     -76.21932     1235     1253
0.00418      -1.43117       -1.43535      -0.02142    -0.00252    0.0189     -75.92778     1235     1253
0.00418      -1.43101       -1.4352      -0.02142    -0.0029    0.01852     -77.48364     1235     1253
0.00418      -1.43223       -1.43642      -0.02142    -0.00252    0.0189     -75.9843     1235     1253
0.00418      -1.43124       -1.43543      -0.02142    -0.00237    0.01906     -75.32368     1235     1253
0.00418      -1.4301       -1.43428      -0.02142    -0.00275    0.01868     -76.80136     1235     1253
0.00418      -1.4317       -1.43588      -0.02142    -0.00267    0.01875     -76.57427     1235     1253
0.00418      -1.43063       -1.43482      -0.02142    -0.00237    0.01906     -75.29165     1235     1253
0.00418      -1.43094       -1.43512      -0.02142    -0.00191    0.01951     -73.54071     1235     1253
0.00418      -1.43178       -1.43596      -0.02142    -0.00298    0.01845     -77.84557     1235     1253
0.00418      -1.43117       -1.43535      -0.02142    -0.00275    0.01868     -76.85857     1235     1253
0.00418      -1.43132       -1.4355      -0.02142    -0.00275    0.01868     -76.86675     1235     1253
0.00418      -1.43124       -1.43543      -0.02142    -0.00229    0.01913     -75.02325     1235     1253
0.00418      -1.42949       -1.43367      -0.02142    -0.00259    0.01883     -76.14636     1235     1253
0.00418      -1.43117       -1.43535      -0.02142    -0.00252    0.0189     -75.92778     1235     1253
0.00418      -1.4317       -1.43588      -0.02142    -0.00237    0.01906     -75.34771     1235     1253
0.00418      -1.43086       -1.43505      -0.02142    -0.00275    0.01868     -76.84223     1235     1253
0.00418      -1.43078       -1.43497      -0.02142    -0.00244    0.01898     -75.6024     1235     1253
0.00418      -1.43231       -1.43649      -0.02142    -0.00267    0.01875     -76.60683     1235     1253
0.00418      -1.43078       -1.43497      -0.02142    -0.00252    0.0189     -75.9076     1236     1253
0.00418      -1.43178       -1.43596      -0.02142    -0.00259    0.01883     -76.26796     1236     1253
0.00418      -1.43025       -1.43443      -0.02142    -0.00252    0.0189     -75.87934     1236     1253
0.00418      -1.43231       -1.43649      -0.02142    -0.00305    0.01837     -78.19803     1236     1253
0.00418      -1.43048       -1.43466      -0.02142    -0.00221    0.01921     -74.68548     1236     1253
0.00418      -1.43056       -1.43474      -0.02142    -0.00229    0.01913     -74.98736     1236     1253
0.00418      -1.43086       -1.43505      -0.02142    -0.00275    0.01868     -76.84223     1236     1253
0.00418      -1.43132       -1.4355      -0.02142    -0.00229    0.01913     -75.02724     1236     1253
0.00418      -1.43162       -1.43581      -0.02142    -0.00275    0.01868     -76.88309     1236     1253
0.00418      -1.43063       -1.43482      -0.02142    -0.00221    0.01921     -74.69343     1236     1253
0.00418      -1.43056       -1.43474      -0.02142    -0.00176    0.01967     -72.95061     1235     1253
0.00418      -1.43162       -1.43581      -0.02142    -0.00221    0.01921     -74.74507     1235     1253
0.00418      -1.43132       -1.4355      -0.02142    -0.00237    0.01906     -75.32769     1235     1253
0.00418      -1.43185       -1.43604      -0.02142    -0.00237    0.01906     -75.35572     1235     1253
0.00418      -1.43056       -1.43474      -0.02142    0.00733    0.02875     -49.90664     1235     1253
0.00418      -1.43254       -1.43672      -0.02142    0.01488    0.0363     -39.57544     1235     1253
0.00418      -1.43109       -1.43527      -0.02142    -0.00168    0.01974     -72.69569     1235     1253
0.00418      -1.43201       -1.43619      -0.02142    -0.00206    0.01936     -74.17559     1235     1253
0.00418      -1.43086       -1.43505      -0.02142    -0.00229    0.01913     -75.00331     1235     1253
0.00418      -1.43216       -1.43634      -0.02142    -0.00267    0.01875     -76.59869     1236     1253
0.00418      -1.43086       -1.43505      -0.02142    -0.00237    0.01906     -75.30366     1236     1253
0.00418      -1.43017       -1.43436      -0.02142    -0.00237    0.01906     -75.26762     1236     1253
0.00418      -1.43056       -1.43474      -0.02142    -0.0029    0.01852     -77.45892     1236     1253
0.00418      -1.43117       -1.43535      -0.02142    -0.00244    0.01898     -75.62251     1236     1253
0.00418      -1.43109       -1.43527      -0.02142    -0.00237    0.01906     -75.31567     1236     1253
0.00418      -1.43117       -1.43535      -0.02142    -0.00221    0.01921     -74.72124     1236     1253
0.00418      -1.43056       -1.43474      -0.02142    -0.00298    0.01845     -77.77937     1236     1253
0.00418      -1.43201       -1.43619      -0.02142    -0.00305    0.01837     -78.18141     1236     1253
0.00418      -1.43109       -1.43527      -0.02142    -0.00244    0.01898     -75.61849     1236     1253
0.00418      -1.43139       -1.43558      -0.02142    -0.00275    0.01868     -76.87083     1235     1253
0.00418      -1.4301       -1.43428      -0.02142    -0.00267    0.01875     -76.48881     1235     1253
0.00418      -1.43132       -1.4355      -0.02142    -0.00244    0.01898     -75.63055     1235     1253
0.00418      -1.43063       -1.43482      -0.02142    -0.00313    0.01829     -78.43246     1235     1253
0.00418      -1.43147       -1.43566      -0.02142    0.00694    0.02837     -50.61022     1235     1253
0.00418      -1.43147       -1.43566      -0.02142    -0.00229    0.01913     -75.03522     1235     1253
0.00418      -1.43117       -1.43535      -0.02142    -0.00259    0.01883     -76.23553     1235     1253
0.00418      -1.43155       -1.43573      -0.02142    -0.00214    0.01929     -74.44535     1235     1253
0.00418      -1.4317       -1.43588      -0.02142    -0.00191    0.01951     -73.57981     1235     1253
0.00418      -1.4317       -1.43588      -0.02142    -0.00259    0.01883     -76.2639     1235     1253
0.00418      -1.43216       -1.43634      -0.02142    0.01503    0.03646     -39.39929     1236     1253
0.00418      -1.43147       -1.43566      -0.02142    -0.00206    0.01936     -74.148     1236     1253
0.00418      -1.43139       -1.43558      -0.02142    -0.00237    0.01906     -75.33169     1236     1253
0.00418      -1.43132       -1.4355      -0.02142    -0.00229    0.01913     -75.02724     1236     1253
0.00418      -1.43109       -1.43527      -0.02142    -0.00237    0.01906     -75.31567     1236     1253
0.00418      -1.43078       -1.43497      -0.02142    -0.00237    0.01906     -75.29966     1236     1253
0.00418      -1.43139       -1.43558      -0.02142    -0.00282    0.0186     -77.18624     1236     1253
0.00418      -1.43139       -1.43558      -0.02142    -0.00244    0.01898     -75.63457     1236     1253
0.00418      -1.43094       -1.43512      -0.02142    -0.00267    0.01875     -76.53357     1236     1253
0.00418      -1.43086       -1.43505      -0.02142    -0.00252    0.0189     -75.91163     1236     1253
0.00418      -1.43139       -1.43558      -0.02142    -0.00229    0.01913     -75.03123     1235     1253
0.00418      -1.43017       -1.43436      -0.02142    -0.00229    0.01913     -74.96741     1235     1253
0.00418      -1.4317       -1.43588      -0.02142    -0.0029    0.01852     -77.52072     1235     1253
0.00418      -1.43185       -1.43604      -0.02142    -0.00237    0.01906     -75.35572     1235     1253
0.00418      -1.43162       -1.43581      -0.02142    -0.00206    0.01936     -74.15588     1235     1253
0.00418      -1.43101       -1.4352      -0.02142    -0.00183    0.01959     -73.25814     1235     1253
0.00418      -1.43094       -1.43512      -0.02142    -0.00176    0.01967     -72.97001     1235     1253
0.00418      -1.43124       -1.43543      -0.02142    -0.00221    0.01921     -74.72521     1235     1253
0.00418      -1.43078       -1.43497      -0.02142    -0.00229    0.01913     -74.99932     1235     1253
0.00418      -1.43078       -1.43497      -0.02142    -0.00259    0.01883     -76.21526     1235     1253
0.00418      -1.43048       -1.43466      -0.02142    -0.00282    0.0186     -77.137     1235     1253
0.00418      -1.43056       -1.43474      -0.02142    -0.00244    0.01898     -75.59034     1235     1253
0.00418      -1.43147       -1.43566      -0.02142    -0.00298    0.01845     -77.82902     1235     1253
0.00418      -1.4301       -1.43428      -0.02142    -0.00267    0.01875     -76.48881     1235     1253
0.00418      -1.43132       -1.4355      -0.02142    -0.00221    0.01921     -74.72918     1235     1253
0.00418      -1.43048       -1.43466      -0.02142    0.0158    0.03722     -38.54636     1235     1253
0.00418      -1.43101       -1.4352      -0.02142    -0.00252    0.0189     -75.91971     1235     1253
0.00418      -1.43201       -1.43619      -0.02142    -0.00237    0.01906     -75.36373     1235     1253
0.00418      -1.43063       -1.43482      -0.02142    -0.00267    0.01875     -76.5173     1235     1253
0.00418      -1.43078       -1.43497      -0.02142    -0.00229    0.01913     -74.99932     1235     1253
0.00418      -1.43277       -1.43695      -0.02142    -0.00259    0.01883     -76.32065     1235     1253
0.00418      -1.43147       -1.43566      -0.02142    -0.00221    0.01921     -74.73713     1235     1253
0.00418      -1.43132       -1.4355      -0.02142    -0.00252    0.0189     -75.93585     1235     1253
0.00418      -1.43086       -1.43505      -0.02142    -0.00244    0.01898     -75.60642     1235     1254
0.00418      -1.43124       -1.43543      -0.02142    -0.00237    0.01906     -75.32368     1235     1254
0.00418      -1.43223       -1.43642      -0.02142    -0.00298    0.01845     -77.87039     1235     1254
0.00418      -1.43132       -1.4355      -0.02142    -0.00237    0.01906     -75.32769     1235     1254
0.00418      -1.43071       -1.43489      -0.02142    -0.00229    0.01913     -74.99533     1235     1254
0.00418      -1.43147       -1.43566      -0.02142    -0.00282    0.0186     -77.19034     1235     1254
0.00418      -1.42941       -1.4336      -0.02142    -0.00252    0.0189     -75.83493     1235     1254
0.00418      -1.43101       -1.4352      -0.02142    -0.00282    0.0186     -77.16572     1235     1254
0.00418      -1.43139       -1.43558      -0.02142    -0.00275    0.01868     -76.87083     1235     1254
0.00418      -1.43101       -1.4352      -0.02142    -0.00252    0.0189     -75.91971     1235     1254
0.00418      -1.43132       -1.4355      -0.02142    -0.00252    0.0189     -75.93585     1235     1253
0.00418      -1.43071       -1.43489      -0.02142    -0.00259    0.01883     -76.21121     1235     1253
0.00418      -1.43056       -1.43474      -0.02142    -0.00259    0.01883     -76.2031     1235     1253
0.00418      -1.43101       -1.4352      -0.02142    -0.00305    0.01837     -78.12741     1235     1253
0.00418      -1.43109       -1.43527      -0.02142    -0.00298    0.01845     -77.80833     1235     1253
0.00418      -1.43223       -1.43642      -0.02142    -0.00252    0.0189     -75.9843     1235     1253
0.00418      -1.43086       -1.43505      -0.02142    -0.00221    0.01921     -74.70535     1235     1253
0.00418      -1.43132       -1.4355      -0.02142    -0.00313    0.01829     -78.47001     1235     1253
0.00418      -1.43139       -1.43558      -0.02142    -0.00259    0.01883     -76.24769     1235     1253
0.00418      -1.43056       -1.43474      -0.02142    -0.00252    0.0189     -75.89549     1235     1254
0.00418      -1.43132       -1.4355      -0.02142    -0.00267    0.01875     -76.55392     1235     1254
0.00418      -1.43071       -1.43489      -0.02142    -0.00282    0.0186     -77.14931     1235     1254
0.00418      -1.43155       -1.43573      -0.02142    -0.00206    0.01936     -74.15194     1235     1254
0.00418      -1.43101       -1.4352      -0.02142    -0.00282    0.0186     -77.16572     1235     1254
0.00418      -1.43002       -1.43421      -0.02142    -0.00237    0.01906     -75.25961     1235     1254
0.00418      -1.43147       -1.43566      -0.02142    -0.00267    0.01875     -76.56206     1236     1254
0.00418      -1.43185       -1.43604      -0.02142    -0.00305    0.01837     -78.17311     1236     1254
0.00418      -1.4301       -1.43428      -0.02142    -0.00229    0.01913     -74.96343     1236     1254
0.00418      -1.43056       -1.43474      -0.02142    -0.00214    0.01929     -74.39391     1236     1254
0.00418      -1.43063       -1.43482      -0.02142    -0.00229    0.01913     -74.99134     1236     1253
0.00418      -1.43071       -1.43489      -0.02142    -0.00221    0.01921     -74.6974     1236     1253
0.00418      -1.43063       -1.43482      -0.02142    -0.00321    0.01822     -78.76102     1236     1253
0.00418      -1.4301       -1.43428      -0.02142    -0.0029    0.01852     -77.4342     1236     1253
0.00418      -1.43132       -1.4355      -0.02142    -0.00221    0.01921     -74.72918     1236     1253
0.00418      -1.4301       -1.43428      -0.02142    -0.00221    0.01921     -74.66562     1236     1253
0.00418      -1.43086       -1.43505      -0.02142    -0.00221    0.01921     -74.70535     1235     1253
0.00418      -1.43185       -1.43604      -0.02142    -0.00244    0.01898     -75.65869     1235     1253
0.00418      -1.43048       -1.43466      -0.02142    -0.00069    0.02074     -69.18825     1235     1253
0.00418      -1.4317       -1.43588      -0.02142    -0.00221    0.01921     -74.74905     1235     1253
0.00418      -1.43185       -1.43604      -0.02142    -0.00191    0.01951     -73.58763     1235     1253
0.00418      -1.43002       -1.43421      -0.02142    -0.00229    0.01913     -74.95944     1235     1253
0.00418      -1.43147       -1.43566      -0.02142    -0.00298    0.01845     -77.82902     1235     1253
0.00418      -1.43063       -1.43482      -0.02142    -0.00313    0.01829     -78.43246     1235     1253
0.00418      -1.43109       -1.43527      -0.02142    -0.00321    0.01822     -78.78615     1235     1253
0.00418      -1.43124       -1.43543      -0.02142    -0.00221    0.01921     -74.72521     1235     1253
0.00418      -1.42995       -1.43413      -0.02142    -0.00244    0.01898     -75.55818     1235     1253
0.00418      -1.43078       -1.43497      -0.02142    -0.00259    0.01883     -76.21526     1235     1253
0.00418      -1.43162       -1.43581      -0.02142    -0.00252    0.0189     -75.952     1235     1253
0.00418      -1.43185       -1.43604      -0.02142    -0.00244    0.01898     -75.65869     1235     1253
0.00418      -1.43101       -1.4352      -0.02142    -0.00267    0.01875     -76.53764     1235     1253
0.00418      -1.4304       -1.43459      -0.02142    -0.00237    0.01906     -75.27963     1235     1253
0.00418      -1.43109       -1.43527      -0.02142    -0.0029    0.01852     -77.48776     1235     1253
0.00418      -1.43132       -1.4355      -0.02142    -0.00298    0.01845     -77.82074     1235     1253
0.00418      -1.4317       -1.43588      -0.02142    -0.00313    0.01829     -78.49086     1235     1253
0.00418      -1.4304       -1.43459      -0.02142    -0.00282    0.0186     -77.1329     1236     1253
0.00418      -1.43048       -1.43466      -0.02142    -0.00244    0.01898     -75.58632     1236     1253
0.00418      -1.43071       -1.43489      -0.02142    -0.00298    0.01845     -77.78765     1236     1253
0.00418      -1.43071       -1.43489      -0.02142    -0.00282    0.0186     -77.14931     1236     1253
0.00418      -1.42964       -1.43382      -0.02142    -0.00229    0.01913     -74.93949     1236     1253
0.00418      -1.43078       -1.43497      -0.02142    -0.00267    0.01875     -76.52544     1236     1253
0.00418      -1.43071       -1.43489      -0.02142    0.00061    0.02203     -65.12479     1236     1253
0.00418      -1.43109       -1.43527      -0.02142    -0.00214    0.01929     -74.42161     1236     1253
0.00418      -1.43033       -1.43451      -0.02142    -0.00221    0.01921     -74.67754     1236     1253
0.00418      -1.43094       -1.43512      -0.02142    -0.00298    0.01845     -77.80006     1236     1253
0.00418      -1.43017       -1.43436      -0.02142    -0.00267    0.01875     -76.49288     1236     1253
0.00418      -1.43162       -1.43581      -0.02142    -0.00259    0.01883     -76.25985     1236     1253
0.00418      -1.43048       -1.43466      -0.02142    -0.00252    0.0189     -75.89145     1236     1253
0.00418      -1.42995       -1.43413      -0.02142    -0.00282    0.0186     -77.10828     1236     1253
0.00418      -1.43216       -1.43634      -0.02142    -0.00237    0.01906     -75.37174     1236     1253
0.00418      -1.43078       -1.43497      -0.02142    -0.00305    0.01837     -78.11495     1236     1253
0.00418      -1.43071       -1.43489      -0.02142    -0.00252    0.0189     -75.90356     1236     1253
0.00418      -1.43139       -1.43558      -0.02142    -0.00237    0.01906     -75.33169     1236     1253
0.00418      -1.4301       -1.43428      -0.02142    -0.00214    0.01929     -74.37017     1236     1253
0.00418      -1.43223       -1.43642      -0.02142    -0.00237    0.01906     -75.37574     1236     1253
0.00418      -1.43048       -1.43466      -0.02142    -0.00229    0.01913     -74.98337     1235     1253
0.00418      -1.43101       -1.4352      -0.02142    -0.00259    0.01883     -76.22742     1235     1253
0.00418      -1.43063       -1.43482      -0.02142    -0.00267    0.01875     -76.5173     1235     1253
0.00418      -1.43353       -1.43772      -0.02142    -0.00206    0.01936     -74.25441     1235     1253
0.00418      -1.43078       -1.43497      -0.02142    -0.00221    0.01921     -74.70137     1235     1253
0.00418      -1.43193       -1.43611      -0.02142    -0.00267    0.01875     -76.58648     1235     1253
0.00418      -1.43078       -1.43497      -0.02142    -0.00321    0.01822     -78.7694     1235     1253
0.00418      -1.4301       -1.43428      -0.02142    -0.00259    0.01883     -76.17879     1235     1253
0.00418      -1.42964       -1.43382      -0.02142    -0.00221    0.01921     -74.64178     1235     1253
0.00418      -1.43109       -1.43527      -0.02142    -0.00267    0.01875     -76.54171     1235     1253
0.00418      -1.43147       -1.43566      -0.02142    -0.0029    0.01852     -77.50836     1235     1253
0.00418      -1.43078       -1.43497      -0.02142    -0.00244    0.01898     -75.6024     1235     1253
0.00418      -1.42995       -1.43413      -0.02142    -0.00259    0.01883     -76.17068     1235     1253
0.00418      -1.43025       -1.43443      -0.02142    -0.00214    0.01929     -74.37809     1235     1253
0.00418      -1.43101       -1.4352      -0.02142    -0.00267    0.01875     -76.53764     1235     1253
0.00418      -1.43185       -1.43604      -0.02142    0.01618    0.0376     -38.19173     1235     1253
0.00418      -1.42933       -1.43352      -0.02142    -0.00183    0.01959     -73.17244     1235     1253
0.00418      -1.43063       -1.43482      -0.02142    -0.00259    0.01883     -76.20716     1235     1253
0.00418      -1.43078       -1.43497      -0.02142    -0.00244    0.01898     -75.6024     1235     1253
0.00418      -1.43132       -1.4355      -0.02142    -0.00229    0.01913     -75.02724     1235     1253
0.00418      -1.42995       -1.43413      -0.02142    -0.00237    0.01906     -75.25561     1235     1253
0.00418      -1.43155       -1.43573      -0.02142    -0.00252    0.0189     -75.94797     1235     1253
0.00418      -1.43109       -1.43527      -0.02142    -0.00221    0.01921     -74.71727     1235     1253
0.00418      -1.43162       -1.43581      -0.02142    0.00641    0.02783     -51.58705     1235     1253
0.00418      -1.42987       -1.43405      -0.02142    -0.00153    0.0199     -72.07667     1235     1253
0.00418      -1.43201       -1.43619      -0.02142    -0.00259    0.01883     -76.28012     1235     1253
0.00418      -1.4317       -1.43588      -0.02142    -0.00221    0.01921     -74.74905     1235     1253
0.00418      -1.43071       -1.43489      -0.02142    -0.00321    0.01822     -78.76521     1235     1253
0.00418      -1.43063       -1.43482      -0.02142    -0.00229    0.01913     -74.99134     1235     1253
0.00418      -0.01656       -0.02074      -0.02142    -0.00488    0.01654     -1.25429     1235     1253
0.00418      -0.01274       -0.01693      -0.02142    -0.00511    0.01631     -1.03795     1235     1253
0.00418      -0.0158       -0.01998      -0.02142    -0.00443    0.017     -1.1756     1235     1253
0.00418      -0.01633       -0.02052      -0.02142    -0.0045    0.01692     -1.21248     1235     1253
0.00418      -0.01687       -0.02105      -0.02142    -0.00473    0.01669     -1.26111     1235     1253
0.00418      -0.01687       -0.02105      -0.02142    -0.00473    0.01669     -1.26111     1235     1253
0.00418      -0.01633       -0.02052      -0.02142    -0.0045    0.01692     -1.21248     1235     1253
0.00418      -0.01458       -0.01876      -0.02142    -0.00481    0.01661     -1.12911     1235     1253
0.00418      -0.01412       -0.0183      -0.02142    -0.00466    0.01677     -1.09153     1235     1253
0.00418      -0.01389       -0.01807      -0.02142    -0.0045    0.01692     -1.06815     1235     1253
0.00418      -0.01267       -0.01685      -0.02142    -0.0045    0.01692     -0.99599     1235     1253
0.00418      -0.01183       -0.01601      -0.02142    -0.00481    0.01661     -0.96376     1235     1253
0.00418      -0.01198       -0.01617      -0.02142    -0.0045    0.01692     -0.95539     1235     1253
0.00418      -0.01572       -0.0199      -0.02142    -0.00519    0.01623     -1.22617     1235     1253
0.00418      -0.01625       -0.02044      -0.02142    -0.00458    0.01684     -1.21344     1235     1253
0.00418      -0.01641       -0.02059      -0.02142    -0.00473    0.01669     -1.23368     1235     1253
0.00418      -0.01679       -0.02097      -0.02142    -0.0042    0.01723     -1.21757     1235     1253
0.00418      -0.01641       -0.02059      -0.02142    -0.00458    0.01684     -1.2225     1235     1253
0.00418      -0.01252       -0.0167      -0.02142    -0.00466    0.01677     -0.99595     1235     1253
0.00418      -0.0158       -0.01998      -0.02142    -0.0045    0.01692     -1.1809     1236     1253
0.00418      -0.01694       -0.02113      -0.02142    -0.0045    0.01692     -1.24856     1236     1253
0.00418      -0.01687       -0.02105      -0.02142    -0.00466    0.01677     -1.25537     1236     1253
0.00418      -0.01618       -0.02036      -0.02142    -0.00488    0.01654     -1.23122     1236     1253
0.00418      -0.01244       -0.01662      -0.02142    -0.00481    0.01661     -1.00051     1236     1253
0.00418      -0.01564       -0.01983      -0.02142    -0.00374    0.01768     -1.12131     1236     1253
0.00418      -0.01648       -0.02067      -0.02142    -0.00443    0.017     -1.21601     1236     1253
0.00418      -0.01641       -0.02059      -0.02142    -0.0045    0.01692     -1.21699     1236     1253
0.00418      -0.01656       -0.02074      -0.02142    -0.00466    0.01677     -1.23717     1236     1253
0.00418      -0.01664       -0.02082      -0.02142    -0.0045    0.01692     -1.23052     1236     1253
0.00418      -0.0158       -0.01998      -0.02142    -0.00488    0.01654     -1.20815     1235     1253
0.00418      -0.01412       -0.0183      -0.02142    -0.00458    0.01684     -1.08658     1235     1253
0.00418      -0.01397       -0.01815      -0.02142    -0.00458    0.01684     -1.07752     1235     1253
0.00418      -0.01381       -0.018      -0.02142    -0.00466    0.01677     -1.07332     1235     1253
0.00418      -0.01549       -0.01968      -0.02142    -0.00496    0.01646     -1.19521     1235     1253
0.00418      -0.0161       -0.02029      -0.02142    -0.00435    0.01707     -1.18823     1235     1253
0.00418      -0.01664       -0.02082      -0.02142    -0.00481    0.01661     -1.25312     1235     1253
0.00418      -0.01687       -0.02105      -0.02142    -0.00504    0.01639     -1.2846     1235     1253
0.00418      -0.01633       -0.02052      -0.02142    -0.0045    0.01692     -1.21248     1235     1253
0.00418      -0.01648       -0.02067      -0.02142    -0.00473    0.01669     -1.23825     1235     1253
0.00418      -0.0158       -0.01998      -0.02142    -0.00488    0.01654     -1.20815     1235     1253
0.00418      -0.01183       -0.01601      -0.02142    -0.00466    0.01677     -0.95499     1235     1253
0.00418      -0.01252       -0.0167      -0.02142    -0.0045    0.01692     -0.98697     1235     1253
0.00418      -0.01404       -0.01823      -0.02142    -0.00466    0.01677     -1.08697     1235     1253
0.00418      -0.01679       -0.02097      -0.02142    -0.0045    0.01692     -1.23954     1235     1253
0.00418      -0.01671       -0.0209      -0.02142    -0.00488    0.01654     -1.26352     1235     1253
0.00418      -0.01656       -0.02074      -0.02142    -0.00435    0.01707     -1.21505     1235     1253
0.00418      -0.0161       -0.02029      -0.02142    -0.00458    0.01684     -1.20438     1235     1253
0.00418      -0.01274       -0.01693      -0.02142    -0.00466    0.01677     -1.0096     1235     1253
0.00418      -0.01549       -0.01968      -0.02142    -0.00488    0.01654     -1.18969     1235     1253
0.00418      -0.01671       -0.0209      -0.02142    -0.00458    0.01684     -1.24062     1235     1253
0.00418      -0.01679       -0.02097      -0.02142    -0.00466    0.01677     -1.25082     1235     1253
0.00418      -0.01542       -0.0196      -0.02142    -0.00404    0.01738     -1.12783     1235     1253
0.00418      -0.01557       -0.01975      -0.02142    -0.00466    0.01677     -1.178     1235     1253
0.00418      -0.01679       -0.02097      -0.02142    -0.00443    0.017     -1.23397     1235     1253
0.00418      -0.01671       -0.0209      -0.02142    -0.00404    0.01738     -1.20249     1235     1253
0.00418      -0.01374       -0.01792      -0.02142    -0.00481    0.01661     -1.07859     1235     1253
0.00418      -0.01694       -0.02113      -0.02142    -0.00466    0.01677     -1.25992     1235     1253
0.00418      -0.01694       -0.02113      -0.02142    -0.00443    0.017     -1.24295     1235     1253
0.00418      -0.01397       -0.01815      -0.02142    -0.00427    0.01715     -1.05834     1235     1253
0.00418      -0.01709       -0.02128      -0.02142    -0.00458    0.01684     -1.26327     1235     1253
0.00418      -0.01648       -0.02067      -0.02142    -0.00511    0.01631     -1.26722     1235     1253
0.00418      -0.01389       -0.01807      -0.02142    -0.00481    0.01661     -1.08777     1235     1253
0.00418      -0.01648       -0.02067      -0.02142    -0.00466    0.01677     -1.23261     1235     1253
0.00418      -0.01335       -0.01754      -0.02142    -0.00466    0.01677     -1.04601     1235     1253
0.00418      -0.01641       -0.02059      -0.02142    -0.00435    0.01707     -1.20611     1235     1253
0.00418      -0.01572       -0.0199      -0.02142    -0.00435    0.01707     -1.16588     1235     1253
0.00418      -0.01656       -0.02074      -0.02142    -0.00466    0.01677     -1.23717     1235     1253
0.00418      -0.01664       -0.02082      -0.02142    -0.00542    0.016     -1.30093     1235     1253
0.00418      -0.01572       -0.0199      -0.02142    -0.0045    0.01692     -1.17639     1235     1253
0.00418      -0.01687       -0.02105      -0.02142    -0.00458    0.01684     -1.24968     1235     1253
0.00418      -0.01557       -0.01975      -0.02142    -0.00466    0.01677     -1.178     1235     1253
0.00418      -0.01664       -0.02082      -0.02142    -0.00473    0.01669     -1.24739     1235     1253
0.00418      -0.01259       -0.01678      -0.02142    -0.00504    0.01639     -1.0238     1235     1253
0.00418      -0.01671       -0.0209      -0.02142    -0.00473    0.01669     -1.25197     1235     1253
0.00418      -0.01404       -0.01823      -0.02142    -0.00481    0.01661     -1.09696     1235     1253
0.00418      -0.01671       -0.0209      -0.02142    -0.00466    0.01677     -1.24627     1235     1253
0.00418      -0.01603       -0.02021      -0.02142    -0.00481    0.01661     -1.21638     1235     1253
0.00418      -0.01717       -0.02135      -0.02142    -0.00511    0.01631     -1.30933     1235     1253
0.00418      -0.01282       -0.017      -0.02142    -0.00473    0.01669     -1.01879     1236     1253
0.00418      -0.01648       -0.02067      -0.02142    -0.00466    0.01677     -1.23261     1236     1253
0.00418      -0.01152       -0.01571      -0.02142    -0.00481    0.01661     -0.94539     1236     1253
0.00418      -0.01671       -0.0209      -0.02142    -0.00443    0.017     -1.22948     1236     1253
0.00418      -0.01252       -0.0167      -0.02142    -0.00481    0.01661     -1.0051     1236     1253
0.00418      -0.01641       -0.02059      -0.02142    -0.00466    0.01677     -1.22806     1236     1253
0.00418      -0.01259       -0.01678      -0.02142    -0.00443    0.017     -0.98702     1236     1253
0.00418      -0.01641       -0.02059      -0.02142    -0.00435    0.01707     -1.20611     1236     1253
0.00418      -0.01351       -0.01769      -0.02142    -0.00481    0.01661     -1.06481     1236     1253
0.00418      -0.01725       -0.02143      -0.02142    -0.00481    0.01661     -1.28987     1235     1253
0.00418      -0.01633       -0.02052      -0.02142    -0.00427    0.01715     -1.19629     1235     1253
0.00418      -0.0119       -0.01609      -0.02142    -0.00488    0.01654     -0.97282     1235     1253
0.00418      -0.01648       -0.02067      -0.02142    -0.00481    0.01661     -1.24394     1235     1253
0.00418      -0.01587       -0.02006      -0.02142    -0.00488    0.01654     -1.21276     1235     1253
0.00418      -0.01198       -0.01617      -0.02142    -0.00412    0.0173     -0.93432     1235     1253
0.00418      -0.01717       -0.02135      -0.02142    -0.0045    0.01692     -1.26209     1235     1253
0.00418      -0.01664       -0.02082      -0.02142    -0.00466    0.01677     -1.24172     1235     1253
0.00418      -0.01595       -0.02013      -0.02142    -0.00481    0.01661     -1.21179     1235     1253
0.00418      -0.01183       -0.01601      -0.02142    -0.0045    0.01692     -0.94637     1235     1253
0.00418      -0.0174       -0.02158      -0.02142    -0.00466    0.01677     -1.28723     1236     1253
0.00418      -0.01671       -0.0209      -0.02142    -0.0045    0.01692     -1.23503     1236     1253
0.00418      -0.01679       -0.02097      -0.02142    -0.00458    0.01684     -1.24515     1236     1253
