# ------------------------------------------------------ #
#    Calibration performed outside vacuum with
#    Tungsten wire.                                      #
# -----------------------------------------------------  #
#  Igiven    Idig     Imult                              #
# -----------------------------------------------------  #
0.100     0.1068     0.0995
0.200     0.2068     0.1995
0.300     0.3068     0.2994
0.400     0.4061     0.3992
0.500     0.5061     0.4991
0.600     0.6043     0.5991
0.700     0.7056     0.6998
0.750     0.7560     0.7489
0.800     0.8033     0.7988
0.820     0.8259     0.8189
0.840     0.8435     0.8389
0.860     0.8638     0.8589
0.880     0.8817     0.8788
0.900     0.9032     0.8988
0.920     0.9235     0.9187
0.940     0.9432     0.9388
0.960     0.9627     0.9588
0.980     0.9830     0.9777
1.020     1.0225     1.0187
1.040     1.0425     1.0388
1.060     1.0597     1.0586
1.080     1.0823     1.0787
1.100     1.1007     1.0986
1.120     1.1212     1.1186
1.140     1.1413     1.1386
1.160     1.1611     1.1586
1.180     1.1824     1.1787
1.200     1.2018     1.1986
1.220     1.2223     1.2186
1.240     1.2424     1.2385
1.260     1.2637     1.2585
1.280     1.2824     1.2784
1.300     1.3040     1.2985
1.320     1.3219     1.3184
1.340     1.3424     1.3384
1.360     1.3622     1.3583
1.380     1.3816     1.3784
1.400     1.402     1.3981
1.420     1.4241     1.4183
1.440     1.4405     1.4383
1.460     1.4593     1.4581
1.480     1.4822     1.4782
1.500     1.4904     1.4980
1.520     1.5178     1.5180
1.54     1.5420     1.5380
1.56     1.5574     1.5580
1.580     1.5797     1.577
1.600     1.5962     1.5979
1.620     1.6146     1.6180
1.640     1.6347     1.6379