# ------------------------------------------------------ #
#    Calibration performed outside vacuum with
#    Tungsten wire.                                      #
# -----------------------------------------------------  #
#  Igiven    Idig    Vdig     Imult     Vmult            #
# -----------------------------------------------------  #
0.05     0.046     0.0741     0.044     0.065
0.06     0.0556     0.0928     0.054     0.080
0.07     0.0659     0.110     0.064     0.095
0.08     0.0759     0.1282     0.074     0.110
0.09     0.0859     0.1455     0.0844     0.124
0.10     0.0956     0.1614     0.0943     0.139
0.11     0.1056     0.1772     0.1042     0.1546
0.120     0.1155     0.1934     0.1141     0.1696
0.13     0.1253     0.209     0.1240     0.1847
0.140     0.1352     0.2243     0.1339     0.1999
0.150     0.1450     0.2392     0.1439     0.2152
0.160     0.1549     0.2546     0.1538     0.2305
0.170     0.1648     0.2697     0.1636     0.2459
0.180     0.1744     0.2824     0.1734     0.2613
0.190     0.1843     0.2999     0.1832     0.2768
0.200     0.1943     0.3147     0.1931     0.2926
0.210     0.2041     0.3301     0.2030     0.3085
0.220     0.2139     0.3455     0.2129     0.3245
0.230     0.2238     0.3608     0.2228     0.3408
0.240     0.2341     0.376     0.2329     0.3575
0.250     0.2436     0.3908     0.2427     0.3738
0.260     0.2533     0.4059     0.2523     0.3901
0.270     0.2631     0.4216     0.2621     0.4067
0.280     0.273     0.438     0.2718     0.4233
0.290     0.2829     0.454     0.2818     0.4405
0.300     0.2913     0.4696     0.2898     0.454