# ------------------------------------------------------ #
#    Calibration performed outside vacuum with
#    Tungsten wire.                                      #
# -----------------------------------------------------  #
#  Igiven    Idig    Vdig     Imult     Vmult            #
# -----------------------------------------------------  #
0.100     0.1067     0.1702     0.0994     0.1475
0.120     0.122     0.204     0.1205     0.1794
0.140     0.1404     0.2326     0.1394     0.2084
0.160     0.1608     0.2634     0.1594     0.2395
0.180     0.1817     0.2964     0.1803     0.2724
0.200     0.2007     0.3244     0.1994     0.3029
0.220     0.2215     0.3574     0.2203     0.3369
0.240     0.2406     0.3864     0.2393     0.3684
0.260     0.2605     0.4181     0.2594     0.4021
0.280     0.2804     0.4506     0.2793     0.4363
0.300     0.2999     0.4832     0.2994     0.4710
0.320     0.3200     0.5176     0.3192     0.5070
0.340     0.3400     0.5521     0.3393     0.5436
0.360     0.3599     0.5866     0.3592     0.5808
0.380     0.3799     0.6234     0.3792     0.6198
0.400     0.3996     0.6591     0.3992     0.657
0.420     0.4196     0.6984     0.4192     0.6980
0.440     0.4394     0.7358     0.439     0.7388
0.460     0.4793     0.8159     0.479     0.8237
0.480     0.4993     0.8575     0.499     0.8679
0.500     0.5192     0.8997     0.519     0.9132
0.520     0.5392     0.9432     0.5390     0.9594
0.560     0.559     0.9882     0.559     1.007
0.580     0.5793     1.0334     0.5790     1.0557
0.600     0.5982     1.0812     0.5990     1.1060
0.620     0.618     1.1296     0.6189     1.1571
0.640     0.6378     1.1817     0.6389     1.2101
0.660     0.6579     1.2331     0.6589     1.2642
0.680     0.6772     1.2858     0.6789     1.3192
0.700     0.6974     1.3393     0.6988     1.376
0.720     0.7166     1.3942     0.7188     1.4359
0.740     0.7368     1.4509     0.7389     1.4960
0.760     0.7564     1.5082     0.7588     1.5577
0.780     0.776     1.5685     0.7788     1.6214
0.800     0.7963     1.6297     0.7987     1.6860
0.820     0.8164     1.6916     0.8187     1.7527
0.840     0.8364     1.756     0.8387     1.8207
0.860     0.8564     1.8195     0.8587     1.8900
0.880     0.8759     1.8833     0.8764     1.9589
0.900     0.8958     1.9465     0.8987     2.0257
0.920     0.9119     2.0093     0.9185     2.091
0.940     0.9260     2.0748     0.9385     2.1623
0.960     0.9411     2.1376     0.9586     2.2309
0.980     0.9573     2.2013     0.985     2.298
1.000     0.9742     2.2658     0.9985     2.364
1.020     0.9927     2.3325     1.0184     2.436
1.040     1.0112     2.4022     1.0385     2.507
1.060     1.0311     2.4765     1.0584     2.584
1.080     1.0497     2.5549     1.0784     2.665
1.100     1.0700     2.6377     1.0984     2.752
1.160     1.1299     2.9532     1.1583     3.01
1.180     1.1505     3.0918     1.1783     3.25
1.200     1.1763     3.2693     1.1982     3.45
1.220     1.1689     3.433     1.190     3.510
1.240     1.1389     3.442     1.173     3.606
1.260     1.1270     3.620     1.154     3.6122
1.280     1.0722     3.4632     1.117     3.627
1.300     1.0547     3.4689     1.081     3.637
1.320     1.0394     3.4737     1.075     3.6409
1.340     1.0250     3.4785     1.050     3.647
1.360     1.0115     3.4825     1.059     3.650
1.380     0.9994     3.4869     1.021     3.656
1.400     0.988     3.4899     1.011     3.658
1.460     0.977     3.4943     1.005     3.66
1.500     0.966     3.498     0.990     3.666
1.540     0.9562     3.5027     0.9814     3.67