  ---------- Measurements R0 at 340.0 [mA]  ---------- 
      Vzero [V]    Vmeas [V]    V [V]    Izero[mA]     Imeas [mA]      I [mA]         R0 [Ohm]      T1[Np]      T2[Np]  
-0.03046      -0.03075       -0.00029      0.02461    0.02686    0.00225     -0.13073     1203     1203
-0.03046      -0.03007       0.00039      0.02461    0.02434    -0.00027     -1.4507     1203     1203
-0.03046      -0.03022       0.00024      0.02461    0.02419    -0.00042     -0.56757     1203     1203
-0.03046      -0.03114       -0.00068      0.02461    0.02518    0.00057     -1.18792     1203     1203
-0.03046      -0.0306       -0.00014      0.02461    0.02389    -0.00073     0.19372     1203     1203
-0.03046      -0.02999       0.00047      0.02461    0.02473    0.00011     4.24138     1203     1203
-0.03046      -0.03075       -0.00029      0.02461    0.02419    -0.00042     0.69369     1203     1203
-0.03046      -0.0306       -0.00014      0.02461    0.0245    -0.00012     1.19355     1203     1203
-0.03046      -0.02984       0.00062      0.02461    0.0248    0.00019     3.32653     1203     1203
-0.03046      -0.03083       -0.00037      0.02461    0.02389    -0.00073     0.50785     1203     1203
-0.03046      -0.03037       9e-05      0.02461    0.0245    -0.00012     -0.74194     1203     1203
-0.03046      -0.0303       0.00016      0.02461    0.02473    0.00011     1.48276     1203     1203
-0.03046      -0.03045       1e-05      0.02461    0.02442    -0.00019     -0.05882     1203     1203
-0.03046      -0.02991       0.00055      0.02461    0.02473    0.00011     4.93103     1203     1203
-0.03046      -0.03106       -0.0006      0.02461    0.02503    0.00042     -1.44037     1203     1203
-0.03046      -0.0303       0.00016      0.02461    0.02648    0.00187     0.08793     1203     1203
-0.03046      -0.02991       0.00055      0.02461    0.02938    0.00477     0.11449     1203     1203
-0.03046      -0.03075       -0.00029      0.02461    0.03655    0.01194     -0.02461     1203     1203
-0.03046      -0.02984       0.00062      0.02461    0.04632    0.02171     0.02865     1203     1203
-0.03046      -0.02885       0.00161      0.02461    0.06525    0.04063     0.03972     1203     1203
-0.03046      -0.02824       0.00222      0.02461    0.10027    0.07566     0.0294     1203     1203
-0.03046      -0.02717       0.00329      0.02461    0.14843    0.12381     0.0266     1203     1203
-0.03046      0.00488       0.03534      0.02461    0.19803    0.17342     0.20381     1203     1203
-0.03046      0.00656       0.03702      0.02461    0.24275    0.21814     0.16972     1203     1203
-0.03046      0.00763       0.03809      0.02461    0.27701    0.2524     0.15092     1203     1203
-0.03046      0.00801       0.03847      0.02461    0.30205    0.27743     0.13868     1203     1203
-0.03046      0.00862       0.03908      0.02461    0.31861    0.29399     0.13294     1203     1203
-0.03046      0.00878       0.03924      0.02461    0.33051    0.3059     0.12827     1203     1203
-0.03046      0.009       0.03947      0.02461    0.33768    0.31307     0.12606     1203     1203
-0.03046      0.00916       0.03962      0.02461    0.3428    0.31818     0.12451     1203     1203
-0.03046      0.00923       0.03969      0.02461    0.34707    0.32245     0.1231     1203     1203
-0.03046      0.00931       0.03977      0.02461    0.3489    0.32429     0.12264     1203     1203
-0.03046      0.00939       0.03985      0.02461    0.35012    0.32551     0.12241     1203     1203
-0.03046      0.00946       0.03992      0.02461    0.35165    0.32703     0.12208     1203     1203
-0.03046      0.00946       0.03992      0.02461    0.35211    0.32749     0.12191     1203     1203
-0.03046      0.00908       0.03954      0.02461    0.35234    0.32772     0.12066     1203     1203
-0.03046      0.00931       0.03977      0.02461    0.35317    0.32856     0.12104     1203     1203
-0.03046      0.00923       0.03969      0.02461    0.35394    0.32932     0.12053     1203     1203
-0.03046      0.00939       0.03985      0.02461    0.35386    0.32925     0.12102     1203     1203
-0.03046      0.00939       0.03985      0.02461    0.35379    0.32917     0.12105     1203     1203
-0.03046      0.00931       0.03977      0.02461    0.35379    0.32917     0.12082     1203     1203
-0.03046      0.00939       0.03985      0.02461    0.35432    0.3297     0.12086     1203     1203
-0.03046      0.00931       0.03977      0.02461    0.35386    0.32925     0.12079     1203     1203
-0.03046      0.00946       0.03992      0.02461    0.35485    0.33024     0.12089     1203     1203
-0.03046      0.00931       0.03977      0.02461    0.35401    0.3294     0.12074     1203     1203
-0.03046      0.00954       0.04      0.02461    0.35409    0.32948     0.1214     1203     1203
-0.03046      0.00962       0.04008      0.02461    0.3547    0.33009     0.12141     1203     1203
-0.03046      0.00946       0.03992      0.02461    0.35455    0.32993     0.121     1203     1203
-0.03046      0.00946       0.03992      0.02461    0.35447    0.32986     0.12103     1203     1203
-0.03046      0.00923       0.03969      0.02461    0.35424    0.32963     0.12042     1203     1203
