  ---------- Measurements R  ---------- 
      Vzero [V]    Vmeas [V]    V [V]    Izero[mA]     Imeas [mA]      I [mA]         R0 [Ohm]      T1[Np]      T2[Np]  
-0.03146      0.25458       0.28603      0.02401    2.5    2.47599     0.11552     1209     1210
-0.03146      0.25519       0.28665      0.02401    2.5    2.47599     0.11577     1209     1210
-0.03146      0.05411       0.08556      0.02401    2.26343    2.23942     0.03821     1209     1210
-0.03146      0.01091       0.04237      0.02401    0.4681    0.44409     0.09541     1209     1210
-0.03146      0.00114       0.0326      0.02401    0.16102    0.13701     0.23795     1209     1210
-0.03146      -0.02953       0.00192      0.02401    0.08738    0.06337     0.03035     1209     1210
-0.03146      -0.03091       0.00055      0.02401    0.06525    0.04124     0.01332     1209     1210
-0.03146      -0.03068       0.00078      0.02401    0.05426    0.03025     0.02573     1209     1210
-0.03146      -0.03037       0.00108      0.02401    0.04899    0.02498     0.04338     1209     1210
-0.03146      -0.03068       0.00078      0.02401    0.04594    0.02193     0.0355     1209     1210
-0.03146      0.00649       0.03794      0.02401    0.26908    0.24507     0.15483     1209     1210
-0.03146      0.02663       0.05809      0.02401    1.04762    1.02361     0.05675     1209     1210
-0.03146      0.02106       0.05252      0.02401    0.86645    0.84244     0.06234     1209     1210
-0.03146      0.01786       0.04931      0.02401    0.73153    0.70752     0.0697     1209     1210
-0.03146      0.01625       0.04771      0.02401    0.6698    0.64578     0.07388     1209     1210
-0.03146      0.01603       0.04748      0.02401    0.64461    0.6206     0.07651     1209     1210
-0.03146      0.01534       0.04679      0.02401    0.63484    0.61083     0.07661     1209     1210
-0.03146      0.01557       0.04702      0.02401    0.63088    0.60686     0.07749     1209     1210
-0.03146      0.01542       0.04687      0.02401    0.62882    0.6048     0.0775     1209     1210
-0.03146      0.01549       0.04695      0.02401    0.62729    0.60328     0.07782     1209     1210
-0.03146      0.01542       0.04687      0.02401    0.62775    0.60374     0.07764     1209     1210
-0.03146      0.01526       0.04672      0.02401    0.62668    0.60267     0.07752     1209     1210
-0.03146      0.01557       0.04702      0.02401    0.62576    0.60175     0.07814     1209     1210
-0.03146      0.01511       0.04657      0.02401    0.62576    0.60175     0.07738     1209     1210
-0.03146      0.01549       0.04695      0.02401    0.62515    0.60114     0.0781     1209     1210
-0.03146      0.01542       0.04687      0.02401    0.62492    0.60091     0.078     1209     1210
-0.03146      0.01519       0.04664      0.02401    0.62553    0.60152     0.07754     1209     1210
-0.03146      0.01519       0.04664      0.02401    0.625    0.60099     0.07761     1209     1210
-0.03146      0.01519       0.04664      0.02401    0.62447    0.60045     0.07768     1209     1210
-0.03146      0.01549       0.04695      0.02401    0.62454    0.60053     0.07818     1209     1210
-0.03146      0.01526       0.04672      0.02401    0.62431    0.6003     0.07783     1209     1210
-0.03146      0.01526       0.04672      0.02401    0.6237    0.59969     0.0779     1209     1210
-0.03146      0.01526       0.04672      0.02401    0.62401    0.6     0.07786     1209     1210
-0.03146      0.01511       0.04657      0.02401    0.62401    0.6     0.07761     1209     1210
-0.03146      0.01526       0.04672      0.02401    0.62355    0.59954     0.07792     1209     1210
-0.03146      0.01557       0.04702      0.02401    0.62363    0.59961     0.07842     1209     1210
-0.03146      0.01519       0.04664      0.02401    0.6234    0.59939     0.07782     1209     1210
-0.03146      0.01549       0.04695      0.02401    0.62309    0.59908     0.07837     1209     1210
-0.03146      0.01542       0.04687      0.02401    0.62263    0.59862     0.0783     1209     1210
-0.03146      0.01511       0.04657      0.02401    0.62317    0.59916     0.07772     1209     1210
-0.03146      0.01534       0.04679      0.02401    0.62309    0.59908     0.07811     1209     1210
-0.03146      0.01542       0.04687      0.02401    0.62286    0.59885     0.07827     1209     1210
-0.03146      0.01534       0.04679      0.02401    0.62248    0.59847     0.07819     1209     1210
-0.03146      0.01534       0.04679      0.02401    0.62263    0.59862     0.07817     1209     1210
-0.03146      0.01519       0.04664      0.02401    0.62279    0.59878     0.0779     1209     1210
-0.03146      0.01511       0.04657      0.02401    0.62263    0.59862     0.07779     1209     1210
-0.03146      0.01534       0.04679      0.02401    0.62286    0.59885     0.07814     1209     1210
-0.03146      0.01511       0.04657      0.02401    0.62271    0.5987     0.07778     1209     1210
-0.03146      0.01534       0.04679      0.02401    0.62202    0.59801     0.07825     1209     1210
-0.03146      0.01503       0.04649      0.02401    0.62225    0.59824     0.07771     1209     1210
-0.03146      0.01519       0.04664      0.02401    0.62218    0.59816     0.07798     1209     1210
-0.03146      0.01534       0.04679      0.02401    0.62256    0.59855     0.07818     1209     1210
-0.03146      0.01519       0.04664      0.02401    0.62302    0.599     0.07787     1209     1210
-0.03146      0.01503       0.04649      0.02401    0.62241    0.59839     0.07769     1209     1210
-0.03146      0.01534       0.04679      0.02401    0.62195    0.59794     0.07826     1209     1210
-0.03146      0.01488       0.04634      0.02401    0.62225    0.59824     0.07746     1209     1210
-0.03146      0.01511       0.04657      0.02401    0.62225    0.59824     0.07784     1209     1210
-0.03146      0.01534       0.04679      0.02401    0.62157    0.59755     0.07831     1209     1210
-0.03146      0.01511       0.04657      0.02401    0.62202    0.59801     0.07787     1209     1210
-0.03146      0.01511       0.04657      0.02401    0.62164    0.59763     0.07792     1209     1210
-0.03146      0.01519       0.04664      0.02401    0.62187    0.59786     0.07802     1209     1210
-0.03146      0.01519       0.04664      0.02401    0.62164    0.59763     0.07805     1209     1210
-0.03146      0.01519       0.04664      0.02401    0.62172    0.59771     0.07804     1209     1210
-0.03146      0.01503       0.04649      0.02401    0.62179    0.59778     0.07777     1209     1210
-0.03146      0.01503       0.04649      0.02401    0.62149    0.59748     0.07781     1209     1210
-0.03146      0.01526       0.04672      0.02401    0.62149    0.59748     0.07819     1209     1210
-0.03146      0.01511       0.04657      0.02401    0.62187    0.59786     0.07789     1209     1210
-0.03146      0.01519       0.04664      0.02401    0.62195    0.59794     0.07801     1209     1210
-0.03146      0.01519       0.04664      0.02401    0.62157    0.59755     0.07806     1209     1210
-0.03146      0.01526       0.04672      0.02401    0.62195    0.59794     0.07813     1209     1210
-0.03146      0.01549       0.04695      0.02401    0.62157    0.59755     0.07857     1209     1210
-0.03146      0.01534       0.04679      0.02401    0.62164    0.59763     0.0783     1209     1210
-0.03146      0.01519       0.04664      0.02401    0.62218    0.59816     0.07798     1209     1210
-0.03146      0.01519       0.04664      0.02401    0.62172    0.59771     0.07804     1209     1210
-0.03146      0.01549       0.04695      0.02401    0.62187    0.59786     0.07853     1209     1210
-0.03146      0.01542       0.04687      0.02401    0.62187    0.59786     0.0784     1209     1210
-0.03146      0.01542       0.04687      0.02401    0.62126    0.59725     0.07848     1209     1210
-0.03146      0.01526       0.04672      0.02401    0.62126    0.59725     0.07822     1209     1210
-0.03146      0.01526       0.04672      0.02401    0.62164    0.59763     0.07817     1209     1210
-0.03146      0.01534       0.04679      0.02401    0.62157    0.59755     0.07831     1209     1210
