   Intensity [A]     Error_I [A]     Voltage [V]    Error_V [V]    Resistance [Ohm]    Error_R [Ohm] 
--------------------------------------------------------------
0.1006          0.0003        0.0029         0.0004           0.0284          0.0037
0.2992          0.0003        0.0394         0.0001           0.1317          0.0005
1.1702          0.0004        0.0629         0.0001           0.0537          0.0001
1.2697          0.0004        0.0659         0.0001           0.0519          0.0001
1.3642          0.0006        0.0685         0.0002           0.0502          0.0001
1.4552          0.0005        0.0718         0.0001           0.0493          0.0001
1.5496          0.0005        0.0743         0.0001           0.048          0.0001
1.6476          0.0004        0.0772         0.0001           0.0468          0.0001
1.7467          0.0005        0.0802         0.0002           0.0459          0.0001
1.8475          0.0006        0.0833         0.0001           0.0451          0.0001
1.948          0.0005        0.0864         0.0002           0.0444          0.0001
2.0474          0.0005        0.0894         0.0002           0.0437          0.0001
0.3988          0.0003        0.0419         0.0001           0.1051          0.0003
2.1471          0.0005        0.0928         0.0002           0.0432          0.0001
2.2477          0.0006        0.0958         0.0002           0.0426          0.0001
2.3475          0.0005        0.0991         0.0002           0.0422          0.0001
2.4477          0.0006        0.1026         0.0003           0.0419          0.0001
2.4741          0.0        0.1058         0.0002           0.0428          0.0001
0.4984          0.0003        0.0446         0.0001           0.0894          0.0003
0.5973          0.0003        0.0472         0.0001           0.079          0.0002
0.6967          0.0004        0.0493         0.0002           0.0707          0.0002
0.7967          0.0004        0.0523         0.0001           0.0657          0.0001
0.9759          0.0003        0.0575         0.0001           0.0589          0.0001
1.0697          0.0004        0.0606         0.0001           0.0566          0.0001
0.0944          0.0003        0.0025         0.0003           0.0263          0.0032
0.1042          0.0003        0.0028         0.0003           0.0273          0.0026
0.1828          0.0003        0.0363         0.0001           0.1987          0.0006
0.1927          0.0003        0.0367         0.0001           0.1905          0.0007
0.2223          0.0003        0.0379         0.0001           0.1706          0.0006
0.2422          0.0003        0.0383         0.0001           0.1581          0.0005
0.2717          0.0003        0.0388         0.0001           0.1429          0.0006
0.2911          0.0003        0.0397         0.0001           0.1363          0.0004
0.0449          0.0003        0.0013         0.0002           0.0299          0.0055
0.0499          0.0002        0.0014         0.0002           0.0287          0.0038
0.0547          0.0003        0.0015         0.0003           0.0282          0.0051
0.0648          0.0003        0.0018         0.0003           0.0282          0.0047
0.0744          0.0003        0.0019         0.0003           0.0252          0.0044
0.0845          0.0003        0.0023         0.0003           0.0276          0.0038
