  ---------- Measurements R0 at 500.0 [mA]  ---------- 
      Vzero [V]    Vmeas [V]    V [V]    Izero[mA]     Imeas [mA]      I [mA]         R0 [Ohm]      T1[Np]      T2[Np]  
-0.03044      -0.03152       -0.001070.02416    0.02602    0.00186     -0.577     1186     1186
-0.03044      0.0074       0.037850.02416    0.28816    0.26399     0.14337     1186     1186
-0.03044      0.00954       0.039980.02416    0.35882    0.33466     0.11948     1186     1186
-0.03044      0.00977       0.040210.02416    0.36142    0.33725     0.11924     1186     1186
-0.03044      0.00969       0.040140.02416    0.36088    0.33672     0.1192     1186     1186
-0.03044      0.00962       0.040060.02416    0.36119    0.33702     0.11887     1186     1186
-0.03044      0.00969       0.040140.02416    0.36081    0.33664     0.11923     1186     1186
-0.03044      0.00977       0.040210.02416    0.36126    0.3371     0.11929     1186     1186
-0.03044      0.00969       0.040140.02416    0.36111    0.33695     0.11912     1186     1186
-0.03044      0.00984       0.040290.02416    0.36103    0.33687     0.1196     1186     1186
-0.03044      0.00977       0.040210.02416    0.36088    0.33672     0.11943     1186     1186
-0.03044      0.00977       0.040210.02416    0.3605    0.33634     0.11956     1186     1186
-0.03044      0.00984       0.040290.02416    0.36088    0.33672     0.11965     1186     1186
-0.03044      0.00969       0.040140.02416    0.36126    0.3371     0.11906     1186     1186
-0.03044      0.00977       0.040210.02416    0.36088    0.33672     0.11943     1186     1186
-0.03044      0.00984       0.040290.02416    0.36081    0.33664     0.11968     1186     1186
-0.03044      0.00969       0.040140.02416    0.36111    0.33695     0.11912     1186     1186
-0.03044      0.00984       0.040290.02416    0.36042    0.33626     0.11982     1186     1186
-0.03044      0.00977       0.040210.02416    0.36103    0.33687     0.11937     1186     1186
-0.03044      0.00977       0.040210.02416    0.36027    0.33611     0.11964     1186     1186
-0.03044      0.00969       0.040140.02416    0.3605    0.33634     0.11933     1186     1186
-0.03044      0.00992       0.040370.02416    0.36096    0.33679     0.11985     1186     1186
-0.03044      0.00969       0.040140.02416    0.36111    0.33695     0.11912     1186     1186
-0.03044      0.00962       0.040060.02416    0.3602    0.33603     0.11922     1186     1186
-0.03044      0.00962       0.040060.02416    0.36035    0.33618     0.11916     1186     1186
-0.03044      0.00969       0.040140.02416    0.36065    0.33649     0.11928     1186     1186
-0.03044      0.00954       0.039980.02416    0.36073    0.33657     0.1188     1186     1186
-0.03044      0.00977       0.040210.02416    0.36065    0.33649     0.11951     1186     1186
-0.03044      0.00969       0.040140.02416    0.36065    0.33649     0.11928     1186     1186
-0.03044      0.00984       0.040290.02416    0.36088    0.33672     0.11965     1186     1186
-0.03044      0.00984       0.040290.02416    0.36073    0.33657     0.11971     1186     1186
-0.03044      0.00954       0.039980.02416    0.36073    0.33657     0.1188     1186     1186
-0.03044      0.00962       0.040060.02416    0.3602    0.33603     0.11922     1186     1186
-0.03044      0.00984       0.040290.02416    0.36065    0.33649     0.11973     1186     1186
-0.03044      0.00969       0.040140.02416    0.3605    0.33634     0.11933     1186     1186
-0.03044      0.00962       0.040060.02416    0.36042    0.33626     0.11913     1186     1186
-0.03044      0.00969       0.040140.02416    0.36088    0.33672     0.1192     1186     1186
-0.03044      0.00954       0.039980.02416    0.36088    0.33672     0.11875     1186     1186
-0.03044      0.00962       0.040060.02416    0.3605    0.33634     0.11911     1186     1186
-0.03044      0.00954       0.039980.02416    0.3605    0.33634     0.11888     1186     1186
-0.03044      0.00962       0.040060.02416    0.36035    0.33618     0.11916     1186     1186
-0.03044      0.00962       0.040060.02416    0.3605    0.33634     0.11911     1186     1186
-0.03044      0.00969       0.040140.02416    0.3602    0.33603     0.11944     1186     1186
-0.03044      0.00977       0.040210.02416    0.36073    0.33657     0.11948     1186     1186
-0.03044      0.00962       0.040060.02416    0.35997    0.3358     0.1193     1186     1186
-0.03044      0.00977       0.040210.02416    0.36027    0.33611     0.11964     1186     1186
-0.03044      0.00977       0.040210.02416    0.35981    0.33565     0.11981     1186     1186
-0.03044      0.00962       0.040060.02416    0.36042    0.33626     0.11913     1186     1186
-0.03044      0.00984       0.040290.02416    0.36035    0.33618     0.11984     1186     1186
-0.03044      0.00969       0.040140.02416    0.35997    0.3358     0.11952     1186     1186
