  ---------- Measurements R0 at 480.0 [mA]  ---------- 
      Vzero [V]    Vmeas [V]    V [V]    Izero[mA]     Imeas [mA]      I [mA]         R0 [Ohm]      T1[Np]      T2[Np]  
-0.03052      -0.03098       -0.000460.02412    0.02572    0.0016     -0.28878     1186     1186
-0.03052      -0.03022       0.00030.02412    0.03121    0.00709     0.0425     1186     1186
-0.03052      0.00893       0.039450.02412    0.35096    0.32684     0.1207     1186     1186
-0.03052      0.00962       0.040140.02412    0.36035    0.33623     0.11937     1186     1186
-0.03052      0.00969       0.040210.02412    0.36088    0.33676     0.11941     1186     1186
-0.03052      0.00977       0.040290.02412    0.36142    0.3373     0.11945     1186     1186
-0.03052      0.00977       0.040290.02412    0.36088    0.33676     0.11964     1186     1186
-0.03052      0.00969       0.040210.02412    0.36149    0.33737     0.11919     1186     1186
-0.03052      0.00954       0.040060.02412    0.36119    0.33707     0.11885     1186     1186
-0.03052      0.00969       0.040210.02412    0.36088    0.33676     0.11941     1186     1186
-0.03052      0.00992       0.040440.02412    0.36149    0.33737     0.11987     1186     1186
-0.03052      0.00969       0.040210.02412    0.36142    0.3373     0.11922     1186     1186
-0.03052      0.00969       0.040210.02412    0.36081    0.33669     0.11944     1186     1186
-0.03052      0.00962       0.040140.02412    0.36119    0.33707     0.11908     1186     1186
-0.03052      0.00969       0.040210.02412    0.36088    0.33676     0.11941     1186     1186
-0.03052      0.00969       0.040210.02412    0.36119    0.33707     0.1193     1186     1186
-0.03052      0.00977       0.040290.02412    0.36103    0.33692     0.11958     1186     1186
-0.03052      0.00962       0.040140.02412    0.36103    0.33692     0.11913     1186     1186
-0.03052      0.00969       0.040210.02412    0.36119    0.33707     0.1193     1186     1186
-0.03052      0.00962       0.040140.02412    0.36081    0.33669     0.11921     1186     1186
-0.03052      0.00969       0.040210.02412    0.36081    0.33669     0.11944     1186     1186
-0.03052      0.00977       0.040290.02412    0.36058    0.33646     0.11975     1186     1186
-0.03052      0.00969       0.040210.02412    0.36065    0.33653     0.11949     1186     1186
-0.03052      0.00969       0.040210.02412    0.36058    0.33646     0.11952     1186     1186
-0.03052      0.00969       0.040210.02412    0.36058    0.33646     0.11952     1186     1186
-0.03052      0.00969       0.040210.02412    0.36096    0.33684     0.11938     1186     1186
-0.03052      0.00969       0.040210.02412    0.36012    0.336     0.11968     1186     1186
-0.03052      0.00969       0.040210.02412    0.36027    0.33615     0.11963     1186     1186
-0.03052      0.00977       0.040290.02412    0.36065    0.33653     0.11972     1186     1186
-0.03052      0.00954       0.040060.02412    0.36058    0.33646     0.11906     1186     1186
-0.03052      0.00962       0.040140.02412    0.36096    0.33684     0.11916     1186     1186
-0.03052      0.00977       0.040290.02412    0.36035    0.33623     0.11983     1186     1186
-0.03052      0.01       0.040520.02412    0.36126    0.33715     0.12018     1186     1186
-0.03052      0.00984       0.040370.02412    0.36058    0.33646     0.11997     1186     1186
-0.03052      0.00969       0.040210.02412    0.36088    0.33676     0.11941     1186     1186
-0.03052      0.00969       0.040210.02412    0.36042    0.33631     0.11957     1186     1186
-0.03052      0.00969       0.040210.02412    0.3605    0.33638     0.11955     1186     1186
-0.03052      0.00962       0.040140.02412    0.36027    0.33615     0.1194     1186     1186
-0.03052      0.00977       0.040290.02412    0.36027    0.33615     0.11985     1186     1186
-0.03052      0.00962       0.040140.02412    0.3602    0.33608     0.11943     1186     1186
-0.03052      0.00977       0.040290.02412    0.36042    0.33631     0.1198     1186     1186
-0.03052      0.00984       0.040370.02412    0.36012    0.336     0.12014     1186     1186
-0.03052      0.00984       0.040370.02412    0.36042    0.33631     0.12003     1186     1186
-0.03052      0.00969       0.040210.02412    0.35997    0.33585     0.11974     1186     1186
-0.03052      0.00984       0.040370.02412    0.35989    0.33577     0.12022     1186     1186
-0.03052      0.00977       0.040290.02412    0.3605    0.33638     0.11977     1186     1186
-0.03052      0.00962       0.040140.02412    0.35997    0.33585     0.11951     1186     1186
-0.03052      0.00992       0.040440.02412    0.36065    0.33653     0.12017     1186     1186
-0.03052      0.00969       0.040210.02412    0.35997    0.33585     0.11974     1186     1186
-0.03052      0.00954       0.040060.02412    0.36058    0.33646     0.11906     1186     1186
