  ---------- Measurements R0 at 490.0 [mA]  ---------- 
      Vzero [V]    Vmeas [V]    V [V]    Izero[mA]     Imeas [mA]      I [mA]         R0 [Ohm]      T1[Np]      T2[Np]  
-0.03055      -0.03289       -0.002340.02409    0.02618    0.00209     -1.12066     1187     1186
-0.03055      0.00771       0.038260.02409    0.31204    0.28795     0.13287     1187     1186
-0.03055      0.00954       0.040090.02409    0.35821    0.33412     0.11999     1187     1186
-0.03055      0.00984       0.04040.02409    0.36187    0.33779     0.11959     1187     1186
-0.03055      0.00977       0.040320.02409    0.36165    0.33756     0.11945     1187     1186
-0.03055      0.00992       0.040470.02409    0.36088    0.33679     0.12017     1187     1186
-0.03055      0.00969       0.040240.02409    0.36142    0.33733     0.1193     1187     1186
-0.03055      0.00962       0.040170.02409    0.36126    0.33718     0.11913     1187     1186
-0.03055      0.00992       0.040470.02409    0.36157    0.33748     0.11992     1187     1186
-0.03055      0.00992       0.040470.02409    0.36081    0.33672     0.1202     1187     1186
-0.03055      0.00992       0.040470.02409    0.3618    0.33771     0.11984     1187     1186
-0.03055      0.00992       0.040470.02409    0.36088    0.33679     0.12017     1187     1186
-0.03055      0.00969       0.040240.02409    0.36103    0.33695     0.11944     1187     1186
-0.03055      0.01       0.040550.02409    0.36103    0.33695     0.12034     1187     1186
-0.03055      0.01007       0.040630.02409    0.36126    0.33718     0.12049     1187     1186
-0.03055      0.00969       0.040240.02409    0.36096    0.33687     0.11946     1187     1186
-0.03055      0.00962       0.040170.02409    0.36096    0.33687     0.11924     1187     1186
-0.03055      0.00992       0.040470.02409    0.36065    0.33657     0.12025     1187     1186
-0.03055      0.00992       0.040470.02409    0.36058    0.33649     0.12028     1187     1186
-0.03055      0.00984       0.04040.02409    0.36027    0.33618     0.12016     1187     1186
-0.03055      0.00977       0.040320.02409    0.36088    0.33679     0.11972     1187     1186
-0.03055      0.00969       0.040240.02409    0.36119    0.3371     0.11938     1187     1186
-0.03055      0.00992       0.040470.02409    0.36119    0.3371     0.12006     1187     1186
-0.03055      0.00962       0.040170.02409    0.36073    0.33664     0.11932     1187     1186
-0.03055      0.00977       0.040320.02409    0.36042    0.33634     0.11988     1187     1186
-0.03055      0.00977       0.040320.02409    0.36073    0.33664     0.11977     1187     1186
-0.03055      0.00962       0.040170.02409    0.36035    0.33626     0.11945     1187     1186
-0.03055      0.00969       0.040240.02409    0.36096    0.33687     0.11946     1187     1186
-0.03055      0.00969       0.040240.02409    0.36065    0.33657     0.11957     1187     1186
-0.03055      0.00969       0.040240.02409    0.36035    0.33626     0.11968     1187     1186
-0.03055      0.00969       0.040240.02409    0.36065    0.33657     0.11957     1187     1186
-0.03055      0.00977       0.040320.02409    0.36035    0.33626     0.11991     1187     1186
-0.03055      0.00977       0.040320.02409    0.36081    0.33672     0.11974     1187     1186
-0.03055      0.00969       0.040240.02409    0.36065    0.33657     0.11957     1187     1186
-0.03055      0.00977       0.040320.02409    0.36042    0.33634     0.11988     1187     1186
-0.03055      0.00977       0.040320.02409    0.3605    0.33641     0.11985     1187     1186
-0.03055      0.00962       0.040170.02409    0.36042    0.33634     0.11943     1187     1186
-0.03055      0.00962       0.040170.02409    0.36088    0.33679     0.11926     1187     1186
-0.03055      0.00946       0.040010.02409    0.36027    0.33618     0.11903     1187     1186
-0.03055      0.00992       0.040470.02409    0.36058    0.33649     0.12028     1187     1186
-0.03055      0.00977       0.040320.02409    0.36004    0.33595     0.12002     1187     1186
-0.03055      0.00992       0.040470.02409    0.35997    0.33588     0.1205     1187     1186
-0.03055      0.00984       0.04040.02409    0.36012    0.33603     0.12022     1187     1186
-0.03055      0.00962       0.040170.02409    0.36065    0.33657     0.11934     1187     1186
-0.03055      0.00969       0.040240.02409    0.36004    0.33595     0.11979     1187     1186
-0.03055      0.00977       0.040320.02409    0.36058    0.33649     0.11982     1187     1186
-0.03055      0.00977       0.040320.02409    0.36004    0.33595     0.12002     1187     1186
-0.03055      0.00969       0.040240.02409    0.36042    0.33634     0.11965     1187     1186
-0.03055      0.00984       0.04040.02409    0.36004    0.33595     0.12024     1187     1186
-0.03055      0.00969       0.040240.02409    0.3605    0.33641     0.11963     1187     1186
