  ---------- Measurements R0 at 224060.0 [mA]  ---------- 
      Vzero [V]    Vmeas [V]    V [V]    Izero[mA]     Imeas [mA]      I [mA]         R0 [Ohm]      T1[Np]      T2[Np]  
-0.03091      0.00862       0.039530.024    0.36187    0.33788     0.11701     1187     1186
-0.03091      0.00969       0.04060.024    0.36126    0.33727     0.12039     1187     1186
-0.03091      0.01       0.040910.024    0.36096    0.33696     0.1214     1187     1186
-0.03091      0.00962       0.040530.024    0.36088    0.33689     0.1203     1187     1186
-0.03091      0.00992       0.040830.024    0.36042    0.33643     0.12137     1187     1186
-0.03091      0.00992       0.040830.024    0.36081    0.33681     0.12123     1187     1186
-0.03091      0.00984       0.040750.024    0.36081    0.33681     0.121     1187     1186
-0.03091      0.00992       0.040830.024    0.36119    0.33719     0.12109     1187     1186
-0.03091      0.00962       0.040530.024    0.36096    0.33696     0.12027     1187     1186
-0.03091      0.01007       0.040980.024    0.36088    0.33689     0.12165     1187     1186
-0.03091      0.00977       0.040680.024    0.36027    0.33628     0.12097     1187     1186
-0.03091      0.01       0.040910.024    0.36126    0.33727     0.12129     1187     1186
-0.03091      0.00962       0.040530.024    0.36035    0.33635     0.12049     1187     1186
-0.03091      0.00977       0.040680.024    0.36042    0.33643     0.12091     1187     1186
-0.03091      0.00992       0.040830.024    0.3605    0.3365     0.12134     1187     1186
-0.03091      0.00984       0.040750.024    0.36027    0.33628     0.12119     1187     1186
-0.03091      0.00954       0.040450.024    0.3605    0.3365     0.12021     1187     1186
-0.03091      0.00969       0.04060.024    0.36027    0.33628     0.12074     1187     1186
-0.03091      0.00969       0.04060.024    0.36012    0.33612     0.1208     1187     1186
-0.03091      0.00992       0.040830.024    0.3605    0.3365     0.12134     1187     1186
-0.03091      0.00969       0.04060.024    0.36035    0.33635     0.12071     1187     1186
-0.03091      0.00977       0.040680.024    0.36027    0.33628     0.12097     1187     1186
-0.03091      0.00977       0.040680.024    0.36012    0.33612     0.12102     1187     1186
-0.03091      0.00969       0.04060.024    0.36058    0.33658     0.12063     1187     1186
-0.03091      0.01007       0.040980.024    0.36096    0.33696     0.12163     1187     1186
-0.03091      0.00977       0.040680.024    0.36058    0.33658     0.12086     1187     1186
-0.03091      0.00969       0.04060.024    0.3602    0.3362     0.12077     1187     1186
-0.03091      0.00977       0.040680.024    0.3602    0.3362     0.121     1187     1186
-0.03091      0.00969       0.04060.024    0.35997    0.33597     0.12085     1187     1186
-0.03091      0.00984       0.040750.024    0.36027    0.33628     0.12119     1187     1186
-0.03091      0.00992       0.040830.024    0.3602    0.3362     0.12145     1187     1186
-0.03091      0.01007       0.040980.024    0.36058    0.33658     0.12176     1187     1186
-0.03091      0.00984       0.040750.024    0.36035    0.33635     0.12117     1187     1186
-0.03091      0.01015       0.041060.024    0.36042    0.33643     0.12205     1187     1186
-0.03091      0.00992       0.040830.024    0.36004    0.33605     0.1215     1187     1186
-0.03091      0.00969       0.04060.024    0.35966    0.33566     0.12096     1187     1186
-0.03091      0.01       0.040910.024    0.35951    0.33551     0.12193     1187     1186
-0.03091      0.00977       0.040680.024    0.35981    0.33582     0.12113     1187     1186
-0.03091      0.00984       0.040750.024    0.3605    0.3365     0.12111     1187     1186
-0.03091      0.00946       0.040370.024    0.36042    0.33643     0.12001     1187     1186
-0.03091      0.00992       0.040830.024    0.36027    0.33628     0.12142     1187     1186
-0.03091      0.00992       0.040830.024    0.36004    0.33605     0.1215     1187     1186
-0.03091      0.00992       0.040830.024    0.35997    0.33597     0.12153     1187     1186
-0.03091      0.00984       0.040750.024    0.35958    0.33559     0.12144     1187     1186
-0.03091      0.00984       0.040750.024    0.35958    0.33559     0.12144     1187     1186
-0.03091      0.01       0.040910.024    0.35958    0.33559     0.1219     1187     1186
-0.03091      0.00977       0.040680.024    0.35981    0.33582     0.12113     1187     1186
-0.03091      0.00984       0.040750.024    0.3602    0.3362     0.12122     1187     1186
-0.03091      0.01007       0.040980.024    0.36065    0.33666     0.12174     1187     1186
-0.03091      0.01       0.040910.024    0.36035    0.33635     0.12162     1187     1186
