  ---------- Measurements R0 at 140.0 [mA]  ---------- 
      Vzero [V]    Vmeas [V]    V [V]    Izero[mA]     Imeas [mA]      I [mA]         R0 [Ohm]      T1[Np]      T2[Np]  
-0.03064      -0.03068       -4e-050.02379    0.02587    0.00208     -0.01835     1188     1187
-0.03064      -0.03121       -0.000570.02379    0.02373    -6e-05     10.0     1188     1187
-0.03064      -0.03053       0.000110.02379    0.02343    -0.00036     -0.31579     1188     1187
-0.03064      -0.03098       -0.000340.02379    0.0235    -0.00029     1.2     1188     1187
-0.03064      -0.03114       -0.00050.02379    0.02427    0.00048     -1.04     1188     1187
-0.03064      -0.03022       0.000420.02379    0.0435    0.01971     0.0213     1188     1187
-0.03064      -0.02839       0.002250.02379    0.12614    0.10235     0.02199     1188     1187
-0.03064      -0.0274       0.003240.02379    0.15446    0.13067     0.02482     1188     1187
-0.03064      -0.02694       0.00370.02379    0.15697    0.13318     0.02779     1188     1187
-0.03064      -0.02778       0.002860.02379    0.15713    0.13334     0.02146     1188     1187
-0.03064      -0.02747       0.003170.02379    0.15789    0.1341     0.02362     1188     1187
-0.03064      -0.02686       0.003780.02379    0.15728    0.13349     0.0283     1188     1187
-0.03064      -0.02755       0.003090.02379    0.15789    0.1341     0.02305     1188     1187
-0.03064      -0.02732       0.003320.02379    0.15812    0.13433     0.02471     1188     1187
-0.03064      -0.02679       0.003850.02379    0.15774    0.13395     0.02877     1188     1187
-0.03064      -0.0274       0.003240.02379    0.15842    0.13463     0.02409     1188     1187
-0.03064      -0.02747       0.003170.02379    0.15804    0.13425     0.02359     1188     1187
-0.03064      -0.02701       0.003620.02379    0.15774    0.13395     0.02706     1188     1187
-0.03064      -0.02747       0.003170.02379    0.1585    0.13471     0.02351     1188     1187
-0.03064      -0.02732       0.003320.02379    0.15774    0.13395     0.02478     1188     1187
-0.03064      -0.02686       0.003780.02379    0.15781    0.13402     0.02819     1188     1187
-0.03064      -0.02709       0.003550.02379    0.1582    0.13441     0.0264     1188     1187
-0.03064      -0.02755       0.003090.02379    0.15804    0.13425     0.02302     1188     1187
-0.03064      -0.02717       0.003470.02379    0.15759    0.1338     0.02595     1188     1187
-0.03064      -0.02755       0.003090.02379    0.15789    0.1341     0.02305     1188     1187
-0.03064      -0.02755       0.003090.02379    0.15781    0.13402     0.02306     1188     1187
-0.03064      -0.02694       0.00370.02379    0.15789    0.1341     0.0276     1188     1187
-0.03064      -0.0274       0.003240.02379    0.15835    0.13456     0.0241     1188     1187
-0.03064      -0.0274       0.003240.02379    0.15842    0.13463     0.02409     1188     1187
-0.03064      -0.02686       0.003780.02379    0.15812    0.13433     0.02812     1188     1187
-0.03064      -0.02747       0.003170.02379    0.15835    0.13456     0.02354     1188     1187
-0.03064      -0.02679       0.003850.02379    0.15789    0.1341     0.02874     1188     1187
-0.03064      -0.02671       0.003930.02379    0.15774    0.13395     0.02934     1188     1187
-0.03064      -0.0274       0.003240.02379    0.15827    0.13448     0.02412     1188     1187
-0.03064      -0.02724       0.00340.02379    0.1582    0.13441     0.02527     1188     1187
-0.03064      -0.02747       0.003170.02379    0.15804    0.13425     0.02359     1188     1187
-0.03064      -0.02694       0.00370.02379    0.15751    0.13372     0.02768     1188     1187
-0.03064      -0.02755       0.003090.02379    0.15835    0.13456     0.02297     1188     1187
-0.03064      -0.02755       0.003090.02379    0.15804    0.13425     0.02302     1188     1187
-0.03064      -0.02694       0.00370.02379    0.15827    0.13448     0.02752     1188     1187
-0.03064      -0.02755       0.003090.02379    0.15789    0.1341     0.02305     1188     1187
-0.03064      -0.02763       0.003010.02379    0.15835    0.13456     0.0224     1188     1187
-0.03064      -0.02679       0.003850.02379    0.15797    0.13418     0.02872     1188     1187
-0.03064      -0.02671       0.003930.02379    0.1582    0.13441     0.02924     1188     1187
-0.03064      -0.02763       0.003010.02379    0.15804    0.13425     0.02245     1188     1187
-0.03064      -0.02732       0.003320.02379    0.15797    0.13418     0.02474     1188     1187
-0.03064      -0.02694       0.00370.02379    0.15781    0.13402     0.02762     1188     1187
-0.03064      -0.02724       0.00340.02379    0.15797    0.13418     0.02531     1188     1187
-0.03064      -0.02724       0.00340.02379    0.15781    0.13402     0.02534     1188     1187
-0.03064      -0.02679       0.003850.02379    0.15873    0.13494     0.02856     1188     1187
