  ---------- Measurements R0 at 40.0 [mA]  ---------- 
      Vzero [V]    Vmeas [V]    V [V]    Izero[mA]     Imeas [mA]      I [mA]         R0 [Ohm]      T1[Np]      T2[Np]  
-0.03061      -0.03083       -0.000220.02389    0.02503    0.00114     -0.19128     1188     1187
-0.03061      -0.03068       -6e-050.02389    0.02335    -0.00054     0.11972     1188     1187
-0.03061      -0.03045       0.000160.02389    0.02358    -0.00031     -0.52439     1188     1187
-0.03061      -0.03114       -0.000520.02389    0.0235    -0.00039     1.34314     1188     1187
-0.03061      -0.03037       0.000240.02389    0.02381    -8e-05     -2.86364     1188     1187
-0.03061      -0.03053       9e-050.02389    0.02373    -0.00016     -0.54762     1188     1187
-0.03061      -0.03121       -0.00060.02389    0.02411    0.00022     -2.7069     1188     1187
-0.03061      -0.03045       0.000160.02389    0.02389    -1e-05     -21.5     1188     1187
-0.03061      -0.0306       1e-050.02389    0.02328    -0.00062     -0.01852     1188     1187
-0.03061      -0.03106       -0.000450.02389    0.02358    -0.00031     1.42683     1188     1187
-0.03061      -0.03068       -6e-050.02389    0.02389    -1e-05     8.5     1188     1187
-0.03061      -0.03045       0.000160.02389    0.02358    -0.00031     -0.52439     1188     1187
-0.03061      -0.03106       -0.000450.02389    0.02297    -0.00092     0.48347     1188     1187
-0.03061      -0.0306       1e-050.02389    0.02343    -0.00047     -0.02459     1188     1187
-0.03061      -0.0306       1e-050.02389    0.02373    -0.00016     -0.07143     1188     1187
-0.03061      -0.03114       -0.000520.02389    0.02366    -0.00024     2.20968     1188     1187
-0.03061      -0.0306       1e-050.02389    0.0235    -0.00039     -0.02941     1188     1187
-0.03061      -0.02999       0.000620.02389    0.02366    -0.00024     -2.62903     1188     1187
-0.03061      -0.03091       -0.000290.02389    0.02328    -0.00062     0.47531     1188     1187
-0.03061      -0.03022       0.000390.02389    0.02381    -8e-05     -4.68182     1188     1187
-0.03061      -0.03053       9e-050.02389    0.02411    0.00022     0.39655     1188     1187
-0.03061      -0.03091       -0.000290.02389    0.02343    -0.00047     0.63115     1188     1187
-0.03061      -0.0303       0.000320.02389    0.02404    0.00014     2.18421     1188     1187
-0.03061      -0.03083       -0.000220.02389    0.02434    0.00045     -0.48305     1188     1187
-0.03061      -0.03106       -0.000450.02389    0.02373    -0.00016     2.78571     1188     1187
-0.03061      -0.0303       0.000320.02389    0.02427    0.00037     0.84694     1188     1187
-0.03061      -0.03045       0.000160.02389    0.02381    -8e-05     -1.95455     1188     1187
-0.03061      -0.03098       -0.000370.02389    0.02366    -0.00024     1.56452     1188     1187
-0.03061      -0.03037       0.000240.02389    0.02358    -0.00031     -0.76829     1188     1187
-0.03061      -0.0303       0.000320.02389    0.02335    -0.00054     -0.58451     1188     1187
-0.03061      -0.03083       -0.000220.02389    0.02419    0.0003     -0.73077     1188     1187
-0.03061      -0.03083       -0.000220.02389    0.02419    0.0003     -0.73077     1188     1187
-0.03061      -0.03037       0.000240.02389    0.02404    0.00014     1.65789     1188     1187
-0.03061      -0.03136       -0.000750.02389    0.02404    0.00014     -5.18421     1188     1187
-0.03061      -0.03053       9e-050.02389    0.0235    -0.00039     -0.22549     1188     1187
-0.03061      -0.03045       0.000160.02389    0.02312    -0.00077     -0.21287     1188     1187
-0.03061      -0.03045       0.000160.02389    0.02358    -0.00031     -0.52439     1188     1187
-0.03061      -0.03045       0.000160.02389    0.0232    -0.00069     -0.23626     1188     1187
-0.03061      -0.0303       0.000320.02389    0.02366    -0.00024     -1.33871     1188     1187
-0.03061      -0.03106       -0.000450.02389    0.02343    -0.00047     0.95902     1188     1187
-0.03061      -0.03068       -6e-050.02389    0.02358    -0.00031     0.20732     1188     1187
-0.03061      -0.03014       0.000470.02389    0.02389    -1e-05     -61.5     1188     1187
-0.03061      -0.03121       -0.00060.02389    0.02389    -1e-05     78.5     1188     1187
-0.03061      -0.03053       9e-050.02389    0.02343    -0.00047     -0.18852     1188     1187
-0.03061      -0.03045       0.000160.02389    0.02389    -1e-05     -21.5     1188     1187
-0.03061      -0.03114       -0.000520.02389    0.02411    0.00022     -2.36207     1188     1187
-0.03061      -0.03014       0.000470.02389    0.02389    -1e-05     -61.5     1188     1187
-0.03061      -0.03045       0.000160.02389    0.02312    -0.00077     -0.21287     1188     1187
-0.03061      -0.03129       -0.000680.02389    0.0235    -0.00039     1.73529     1188     1187
-0.03061      -0.03053       9e-050.02389    0.02366    -0.00024     -0.37097     1188     1187
