  ---------- Measurements R0 at 260.0 [mA]  ---------- 
      Vzero [V]    Vmeas [V]    V [V]    Izero[mA]     Imeas [mA]      I [mA]         R0 [Ohm]      T1[Np]      T2[Np]  
-0.03085      -0.03098       -0.000130.02392    0.02556    0.00164     -0.08121     1187     1186
-0.03085      -0.03129       -0.000440.02392    0.02396    4e-05     -10.45455     1187     1186
-0.03085      -0.03106       -0.000210.02392    0.02679    0.00287     -0.07324     1187     1186
-0.03085      0.00542       0.036270.02392    0.20902    0.1851     0.19593     1187     1186
-0.03085      0.00733       0.038180.02392    0.27083    0.24691     0.15461     1187     1186
-0.03085      0.00748       0.038330.02392    0.27381    0.24989     0.15338     1187     1186
-0.03085      0.00763       0.038480.02392    0.27518    0.25126     0.15315     1187     1186
-0.03085      0.00733       0.038180.02392    0.27511    0.25119     0.15198     1187     1186
-0.03085      0.00755       0.03840.02392    0.27556    0.25164     0.15261     1187     1186
-0.03085      0.0074       0.038250.02392    0.27549    0.25157     0.15205     1187     1186
-0.03085      0.00748       0.038330.02392    0.27579    0.25187     0.15217     1187     1186
-0.03085      0.00763       0.038480.02392    0.27549    0.25157     0.15296     1187     1186
-0.03085      0.00771       0.038560.02392    0.27541    0.25149     0.15331     1187     1186
-0.03085      0.00763       0.038480.02392    0.2761    0.25218     0.15259     1187     1186
-0.03085      0.00725       0.03810.02392    0.27526    0.25134     0.15158     1187     1186
-0.03085      0.0074       0.038250.02392    0.27526    0.25134     0.15219     1187     1186
-0.03085      0.0074       0.038250.02392    0.27587    0.25195     0.15182     1187     1186
-0.03085      0.00755       0.03840.02392    0.27503    0.25111     0.15294     1187     1186
-0.03085      0.00755       0.03840.02392    0.27549    0.25157     0.15266     1187     1186
-0.03085      0.00748       0.038330.02392    0.27556    0.25164     0.15231     1187     1186
-0.03085      0.00733       0.038180.02392    0.27556    0.25164     0.1517     1187     1186
-0.03085      0.00755       0.03840.02392    0.27549    0.25157     0.15266     1187     1186
-0.03085      0.00733       0.038180.02392    0.27572    0.2518     0.15161     1187     1186
-0.03085      0.00755       0.03840.02392    0.27595    0.25203     0.15238     1187     1186
-0.03085      0.00755       0.03840.02392    0.27511    0.25119     0.15289     1187     1186
-0.03085      0.00763       0.038480.02392    0.27572    0.2518     0.15282     1187     1186
-0.03085      0.00748       0.038330.02392    0.27549    0.25157     0.15236     1187     1186
-0.03085      0.00748       0.038330.02392    0.27526    0.25134     0.1525     1187     1186
-0.03085      0.0074       0.038250.02392    0.27579    0.25187     0.15187     1187     1186
-0.03085      0.00755       0.03840.02392    0.27526    0.25134     0.1528     1187     1186
-0.03085      0.00725       0.03810.02392    0.27579    0.25187     0.15126     1187     1186
-0.03085      0.00771       0.038560.02392    0.27572    0.2518     0.15313     1187     1186
-0.03085      0.0074       0.038250.02392    0.27602    0.2521     0.15173     1187     1186
-0.03085      0.00748       0.038330.02392    0.27534    0.25142     0.15245     1187     1186
-0.03085      0.00755       0.03840.02392    0.27579    0.25187     0.15247     1187     1186
-0.03085      0.0074       0.038250.02392    0.27579    0.25187     0.15187     1187     1186
-0.03085      0.00733       0.038180.02392    0.27556    0.25164     0.1517     1187     1186
-0.03085      0.00755       0.03840.02392    0.27518    0.25126     0.15285     1187     1186
-0.03085      0.00763       0.038480.02392    0.2761    0.25218     0.15259     1187     1186
-0.03085      0.00748       0.038330.02392    0.27541    0.25149     0.1524     1187     1186
-0.03085      0.0074       0.038250.02392    0.27518    0.25126     0.15224     1187     1186
-0.03085      0.0074       0.038250.02392    0.27556    0.25164     0.15201     1187     1186
-0.03085      0.00755       0.03840.02392    0.2761    0.25218     0.15229     1187     1186
-0.03085      0.0074       0.038250.02392    0.27564    0.25172     0.15196     1187     1186
-0.03085      0.00755       0.03840.02392    0.27564    0.25172     0.15257     1187     1186
-0.03085      0.00748       0.038330.02392    0.27587    0.25195     0.15213     1187     1186
-0.03085      0.00755       0.03840.02392    0.27556    0.25164     0.15261     1187     1186
-0.03085      0.00771       0.038560.02392    0.27618    0.25226     0.15285     1187     1186
-0.03085      0.00733       0.038180.02392    0.27541    0.25149     0.1518     1187     1186
-0.03085      0.00755       0.03840.02392    0.27564    0.25172     0.15257     1187     1186
