  ---------- Measurements R0 at 430.0 [mA]  ---------- 
      Vzero [V]    Vmeas [V]    V [V]    Izero[mA]     Imeas [mA]      I [mA]         R0 [Ohm]      T1[Np]      T2[Np]  
-0.03065      -0.03083       -0.000180.02419    0.02526    0.00107     -0.1637     1186     1186
-0.03065      -0.02991       0.000740.02419    0.04075    0.01656     0.04469     1186     1186
-0.03065      0.00893       0.039580.02419    0.3476    0.32342     0.12239     1186     1186
-0.03065      0.00962       0.040270.02419    0.3576    0.33341     0.12078     1186     1186
-0.03065      0.00984       0.04050.02419    0.36134    0.33715     0.12012     1186     1186
-0.03065      0.00954       0.040190.02419    0.36149    0.33731     0.11916     1186     1186
-0.03065      0.00977       0.040420.02419    0.36111    0.33692     0.11998     1186     1186
-0.03065      0.00984       0.04050.02419    0.36088    0.33669     0.12028     1186     1186
-0.03065      0.00984       0.04050.02419    0.36111    0.33692     0.1202     1186     1186
-0.03065      0.00969       0.040350.02419    0.36149    0.33731     0.11961     1186     1186
-0.03065      0.00984       0.04050.02419    0.36081    0.33662     0.12031     1186     1186
-0.03065      0.00984       0.04050.02419    0.36058    0.33639     0.12039     1186     1186
-0.03065      0.00984       0.04050.02419    0.36081    0.33662     0.12031     1186     1186
-0.03065      0.00992       0.040580.02419    0.36081    0.33662     0.12054     1186     1186
-0.03065      0.00992       0.040580.02419    0.36134    0.33715     0.12035     1186     1186
-0.03065      0.00977       0.040420.02419    0.36027    0.33608     0.12028     1186     1186
-0.03065      0.00969       0.040350.02419    0.3605    0.33631     0.11997     1186     1186
-0.03065      0.00992       0.040580.02419    0.36065    0.33647     0.12059     1186     1186
-0.03065      0.00969       0.040350.02419    0.3605    0.33631     0.11997     1186     1186
-0.03065      0.00977       0.040420.02419    0.36065    0.33647     0.12014     1186     1186
-0.03065      0.00984       0.04050.02419    0.36081    0.33662     0.12031     1186     1186
-0.03065      0.00977       0.040420.02419    0.3605    0.33631     0.12019     1186     1186
-0.03065      0.01       0.040650.02419    0.3605    0.33631     0.12087     1186     1186
-0.03065      0.00984       0.04050.02419    0.36134    0.33715     0.12012     1186     1186
-0.03065      0.00954       0.040190.02419    0.36073    0.33654     0.11943     1186     1186
-0.03065      0.00954       0.040190.02419    0.36073    0.33654     0.11943     1186     1186
-0.03065      0.00992       0.040580.02419    0.36096    0.33677     0.12048     1186     1186
-0.03065      0.00992       0.040580.02419    0.36088    0.33669     0.12051     1186     1186
-0.03065      0.00977       0.040420.02419    0.36058    0.33639     0.12017     1186     1186
-0.03065      0.00969       0.040350.02419    0.36035    0.33616     0.12002     1186     1186
-0.03065      0.00969       0.040350.02419    0.35997    0.33578     0.12016     1186     1186
-0.03065      0.00962       0.040270.02419    0.36004    0.33586     0.1199     1186     1186
-0.03065      0.00969       0.040350.02419    0.36058    0.33639     0.11994     1186     1186
-0.03065      0.00954       0.040190.02419    0.36088    0.33669     0.11938     1186     1186
-0.03065      0.00977       0.040420.02419    0.36027    0.33608     0.12028     1186     1186
-0.03065      0.00984       0.04050.02419    0.36058    0.33639     0.12039     1186     1186
-0.03065      0.00984       0.04050.02419    0.36004    0.33586     0.12058     1186     1186
-0.03065      0.00977       0.040420.02419    0.36058    0.33639     0.12017     1186     1186
-0.03065      0.00992       0.040580.02419    0.3605    0.33631     0.12065     1186     1186
-0.03065      0.00946       0.040120.02419    0.36035    0.33616     0.11934     1186     1186
-0.03065      0.00977       0.040420.02419    0.36042    0.33624     0.12022     1186     1186
-0.03065      0.00977       0.040420.02419    0.3602    0.33601     0.1203     1186     1186
-0.03065      0.00969       0.040350.02419    0.36027    0.33608     0.12005     1186     1186
-0.03065      0.00984       0.04050.02419    0.35981    0.33563     0.12067     1186     1186
-0.03065      0.00977       0.040420.02419    0.35943    0.33524     0.12058     1186     1186
-0.03065      0.00969       0.040350.02419    0.3602    0.33601     0.12008     1186     1186
-0.03065      0.00977       0.040420.02419    0.36035    0.33616     0.12025     1186     1186
-0.03065      0.00969       0.040350.02419    0.3602    0.33601     0.12008     1186     1186
-0.03065      0.00977       0.040420.02419    0.35989    0.3357     0.12041     1186     1186
-0.03065      0.00992       0.040580.02419    0.36012    0.33593     0.12078     1186     1186
