  ---------- Measurements R0 at 160.0 [mA]  ---------- 
      Vzero [V]    Vmeas [V]    V [V]    Izero[mA]     Imeas [mA]      I [mA]         R0 [Ohm]      T1[Np]      T2[Np]  
-0.03084      -0.0332       -0.002350.02385    0.02572    0.00187     -1.25918     1187     1187
-0.03084      -0.0306       0.000240.02385    0.02373    -0.00011     -2.1     1187     1187
-0.03084      -0.03075       9e-050.02385    0.02381    -4e-05     -2.3     1187     1187
-0.03084      -0.03053       0.000320.02385    0.02381    -4e-05     -8.3     1187     1187
-0.03084      -0.03075       9e-050.02385    0.02526    0.00141     0.06216     1187     1187
-0.03084      -0.0303       0.000550.02385    0.06288    0.03903     0.01398     1187     1187
-0.03084      0.0042       0.035040.02385    0.16094    0.1371     0.25558     1187     1187
-0.03084      0.00488       0.035730.02385    0.17498    0.15114     0.23638     1187     1187
-0.03084      0.00488       0.035730.02385    0.17636    0.15251     0.23425     1187     1187
-0.03084      0.00488       0.035730.02385    0.17636    0.15251     0.23425     1187     1187
-0.03084      0.00504       0.035880.02385    0.17666    0.15282     0.23478     1187     1187
-0.03084      0.00504       0.035880.02385    0.17758    0.15373     0.23338     1187     1187
-0.03084      0.00496       0.03580.02385    0.17712    0.15327     0.23358     1187     1187
-0.03084      0.00511       0.035950.02385    0.1775    0.15366     0.234     1187     1187
-0.03084      0.00511       0.035950.02385    0.17674    0.15289     0.23516     1187     1187
-0.03084      0.00488       0.035730.02385    0.1775    0.15366     0.23251     1187     1187
-0.03084      0.00496       0.03580.02385    0.17766    0.15381     0.23277     1187     1187
-0.03084      0.00527       0.036110.02385    0.1772    0.15335     0.23546     1187     1187
-0.03084      0.00496       0.03580.02385    0.17743    0.15358     0.23312     1187     1187
-0.03084      0.00511       0.035950.02385    0.17643    0.15259     0.23563     1187     1187
-0.03084      0.00496       0.03580.02385    0.17735    0.1535     0.23323     1187     1187
-0.03084      0.00496       0.03580.02385    0.17689    0.15304     0.23393     1187     1187
-0.03084      0.00511       0.035950.02385    0.17697    0.15312     0.23481     1187     1187
-0.03084      0.00511       0.035950.02385    0.17674    0.15289     0.23516     1187     1187
-0.03084      0.00504       0.035880.02385    0.17659    0.15274     0.2349     1187     1187
-0.03084      0.00519       0.036030.02385    0.17689    0.15304     0.23543     1187     1187
-0.03084      0.00519       0.036030.02385    0.17773    0.15388     0.23414     1187     1187
-0.03084      0.00496       0.03580.02385    0.17727    0.15343     0.23335     1187     1187
-0.03084      0.00481       0.035650.02385    0.17697    0.15312     0.23282     1187     1187
-0.03084      0.00527       0.036110.02385    0.17697    0.15312     0.23581     1187     1187
-0.03084      0.00488       0.035730.02385    0.17773    0.15388     0.23216     1187     1187
-0.03084      0.00504       0.035880.02385    0.1772    0.15335     0.23396     1187     1187
-0.03084      0.00511       0.035950.02385    0.17705    0.1532     0.23469     1187     1187
-0.03084      0.00496       0.03580.02385    0.17727    0.15343     0.23335     1187     1187
-0.03084      0.00496       0.03580.02385    0.17712    0.15327     0.23358     1187     1187
-0.03084      0.00496       0.03580.02385    0.17712    0.15327     0.23358     1187     1187
-0.03084      0.00496       0.03580.02385    0.17804    0.15419     0.2322     1187     1187
-0.03084      0.00504       0.035880.02385    0.17712    0.15327     0.23408     1187     1187
-0.03084      0.00511       0.035950.02385    0.1775    0.15366     0.234     1187     1187
-0.03084      0.00527       0.036110.02385    0.17766    0.15381     0.23476     1187     1187
-0.03084      0.00496       0.03580.02385    0.17758    0.15373     0.23289     1187     1187
-0.03084      0.00527       0.036110.02385    0.17743    0.15358     0.23511     1187     1187
-0.03084      0.00488       0.035730.02385    0.17743    0.15358     0.23262     1187     1187
-0.03084      0.00496       0.03580.02385    0.17743    0.15358     0.23312     1187     1187
-0.03084      0.00511       0.035950.02385    0.17788    0.15404     0.23342     1187     1187
-0.03084      0.00496       0.03580.02385    0.17705    0.1532     0.2337     1187     1187
-0.03084      0.00511       0.035950.02385    0.17758    0.15373     0.23388     1187     1187
-0.03084      0.00504       0.035880.02385    0.17781    0.15396     0.23304     1187     1187
-0.03084      0.00504       0.035880.02385    0.17727    0.15343     0.23385     1187     1187
-0.03084      0.00511       0.035950.02385    0.1775    0.15366     0.234     1187     1187
