  ---------- Measurements R0 at 410.0 [mA]  ---------- 
      Vzero [V]    Vmeas [V]    V [V]    Izero[mA]     Imeas [mA]      I [mA]         R0 [Ohm]      T1[Np]      T2[Np]  
-0.03054      -0.03091       -0.000370.02408    0.0261    0.00202     -0.18336     1186     1186
-0.03054      -0.03037       0.000160.02408    0.04617    0.02209     0.00743     1186     1186
-0.03054      0.00878       0.039310.02408    0.34638    0.3223     0.12197     1186     1186
-0.03054      0.00962       0.040150.02408    0.35592    0.33184     0.121     1186     1186
-0.03054      0.00969       0.040230.02408    0.35974    0.33566     0.11985     1186     1186
-0.03054      0.00984       0.040380.02408    0.36096    0.33688     0.11987     1186     1186
-0.03054      0.00969       0.040230.02408    0.36081    0.33673     0.11947     1186     1186
-0.03054      0.00962       0.040150.02408    0.36103    0.33695     0.11916     1186     1186
-0.03054      0.00977       0.04030.02408    0.36081    0.33673     0.1197     1186     1186
-0.03054      0.00954       0.040080.02408    0.36111    0.33703     0.11891     1186     1186
-0.03054      0.00977       0.04030.02408    0.36134    0.33726     0.11951     1186     1186
-0.03054      0.01       0.040530.02408    0.36035    0.33627     0.12054     1186     1186
-0.03054      0.00962       0.040150.02408    0.36027    0.33619     0.11943     1186     1186
-0.03054      0.00962       0.040150.02408    0.36012    0.33604     0.11949     1186     1186
-0.03054      0.00977       0.04030.02408    0.36058    0.3365     0.11978     1186     1186
-0.03054      0.00962       0.040150.02408    0.36096    0.33688     0.11919     1186     1186
-0.03054      0.00992       0.040460.02408    0.36103    0.33695     0.12007     1186     1186
-0.03054      0.00984       0.040380.02408    0.36088    0.3368     0.11989     1186     1186
-0.03054      0.00969       0.040230.02408    0.36027    0.33619     0.11966     1186     1186
-0.03054      0.00969       0.040230.02408    0.36103    0.33695     0.11939     1186     1186
-0.03054      0.00977       0.04030.02408    0.36073    0.33665     0.11972     1186     1186
-0.03054      0.00962       0.040150.02408    0.36088    0.3368     0.11922     1186     1186
-0.03054      0.00977       0.04030.02408    0.36073    0.33665     0.11972     1186     1186
-0.03054      0.00969       0.040230.02408    0.36058    0.3365     0.11955     1186     1186
-0.03054      0.00969       0.040230.02408    0.36042    0.33634     0.1196     1186     1186
-0.03054      0.00969       0.040230.02408    0.36065    0.33657     0.11952     1186     1186
-0.03054      0.00977       0.04030.02408    0.35989    0.33581     0.12002     1186     1186
-0.03054      0.00984       0.040380.02408    0.3605    0.33642     0.12003     1186     1186
-0.03054      0.00977       0.04030.02408    0.3602    0.33611     0.11991     1186     1186
-0.03054      0.00977       0.04030.02408    0.36004    0.33596     0.11997     1186     1186
-0.03054      0.00969       0.040230.02408    0.3605    0.33642     0.11958     1186     1186
-0.03054      0.00969       0.040230.02408    0.36035    0.33627     0.11963     1186     1186
-0.03054      0.00992       0.040460.02408    0.36035    0.33627     0.12031     1186     1186
-0.03054      0.00969       0.040230.02408    0.36058    0.3365     0.11955     1186     1186
-0.03054      0.00977       0.04030.02408    0.36035    0.33627     0.11986     1186     1186
-0.03054      0.00992       0.040460.02408    0.36027    0.33619     0.12034     1186     1186
-0.03054      0.00977       0.04030.02408    0.3602    0.33611     0.11991     1186     1186
-0.03054      0.00962       0.040150.02408    0.36035    0.33627     0.1194     1186     1186
-0.03054      0.00977       0.04030.02408    0.36058    0.3365     0.11978     1186     1186
-0.03054      0.00962       0.040150.02408    0.36004    0.33596     0.11951     1186     1186
-0.03054      0.00969       0.040230.02408    0.36035    0.33627     0.11963     1186     1186
-0.03054      0.00977       0.04030.02408    0.36058    0.3365     0.11978     1186     1186
-0.03054      0.00977       0.04030.02408    0.36027    0.33619     0.11989     1186     1186
-0.03054      0.00984       0.040380.02408    0.36027    0.33619     0.12011     1186     1186
-0.03054      0.00977       0.04030.02408    0.36035    0.33627     0.11986     1186     1186
-0.03054      0.00954       0.040080.02408    0.3605    0.33642     0.11912     1186     1186
-0.03054      0.00969       0.040230.02408    0.35966    0.33558     0.11988     1186     1186
-0.03054      0.00992       0.040460.02408    0.36004    0.33596     0.12042     1186     1186
-0.03054      0.00969       0.040230.02408    0.35989    0.33581     0.11979     1186     1186
-0.03054      0.00977       0.04030.02408    0.35981    0.33573     0.12005     1186     1186
