  ---------- Measurements R0 at 360.0 [mA]  ---------- 
      Vzero [V]    Vmeas [V]    V [V]    Izero[mA]     Imeas [mA]      I [mA]         R0 [Ohm]      T1[Np]      T2[Np]  
-0.03083      -0.03167       -0.000840.02411    0.02579    0.00168     -0.5     1187     1186
-0.03083      -0.03014       0.000690.02411    0.06166    0.03755     0.01829     1187     1186
-0.03083      0.00832       0.039150.02411    0.33463    0.31052     0.12608     1187     1186
-0.03083      0.00923       0.040060.02411    0.3473    0.32318     0.12397     1187     1186
-0.03083      0.00946       0.040290.02411    0.35134    0.32723     0.12313     1187     1186
-0.03083      0.00977       0.04060.02411    0.3534    0.32929     0.12329     1187     1186
-0.03083      0.00969       0.040520.02411    0.35531    0.3312     0.12235     1187     1186
-0.03083      0.00969       0.040520.02411    0.35653    0.33242     0.1219     1187     1186
-0.03083      0.00977       0.04060.02411    0.35783    0.33371     0.12166     1187     1186
-0.03083      0.00977       0.04060.02411    0.35882    0.33471     0.1213     1187     1186
-0.03083      0.00969       0.040520.02411    0.35928    0.33516     0.1209     1187     1186
-0.03083      0.00977       0.04060.02411    0.35875    0.33463     0.12132     1187     1186
-0.03083      0.00977       0.04060.02411    0.36004    0.33593     0.12085     1187     1186
-0.03083      0.00992       0.040750.02411    0.36012    0.336     0.12128     1187     1186
-0.03083      0.00984       0.040670.02411    0.3602    0.33608     0.12103     1187     1186
-0.03083      0.00977       0.04060.02411    0.3605    0.33639     0.12069     1187     1186
-0.03083      0.00962       0.040450.02411    0.36103    0.33692     0.12005     1187     1186
-0.03083      0.00977       0.04060.02411    0.36073    0.33661     0.12061     1187     1186
-0.03083      0.00992       0.040750.02411    0.35997    0.33585     0.12134     1187     1186
-0.03083      0.00969       0.040520.02411    0.36058    0.33646     0.12044     1187     1186
-0.03083      0.00969       0.040520.02411    0.35989    0.33578     0.12068     1187     1186
-0.03083      0.00977       0.04060.02411    0.36012    0.336     0.12083     1187     1186
-0.03083      0.00977       0.04060.02411    0.36035    0.33623     0.12074     1187     1186
-0.03083      0.00977       0.04060.02411    0.36012    0.336     0.12083     1187     1186
-0.03083      0.00984       0.040670.02411    0.36004    0.33593     0.12108     1187     1186
-0.03083      0.00969       0.040520.02411    0.36004    0.33593     0.12063     1187     1186
-0.03083      0.01       0.040830.02411    0.35989    0.33578     0.12159     1187     1186
-0.03083      0.00969       0.040520.02411    0.36073    0.33661     0.12038     1187     1186
-0.03083      0.00962       0.040450.02411    0.36027    0.33616     0.12032     1187     1186
-0.03083      0.00962       0.040450.02411    0.35958    0.33547     0.12056     1187     1186
-0.03083      0.00977       0.04060.02411    0.35958    0.33547     0.12102     1187     1186
-0.03083      0.00969       0.040520.02411    0.35997    0.33585     0.12065     1187     1186
-0.03083      0.00984       0.040670.02411    0.36035    0.33623     0.12097     1187     1186
-0.03083      0.00969       0.040520.02411    0.3602    0.33608     0.12057     1187     1186
-0.03083      0.00984       0.040670.02411    0.3602    0.33608     0.12103     1187     1186
-0.03083      0.00984       0.040670.02411    0.36035    0.33623     0.12097     1187     1186
-0.03083      0.00969       0.040520.02411    0.36042    0.33631     0.12049     1187     1186
-0.03083      0.00969       0.040520.02411    0.35958    0.33547     0.12079     1187     1186
-0.03083      0.00977       0.04060.02411    0.35997    0.33585     0.12088     1187     1186
-0.03083      0.00984       0.040670.02411    0.35974    0.33562     0.12119     1187     1186
-0.03083      0.00969       0.040520.02411    0.36004    0.33593     0.12063     1187     1186
-0.03083      0.00992       0.040750.02411    0.35981    0.3357     0.12139     1187     1186
-0.03083      0.00977       0.04060.02411    0.35966    0.33555     0.12099     1187     1186
-0.03083      0.00969       0.040520.02411    0.36027    0.33616     0.12054     1187     1186
-0.03083      0.00977       0.04060.02411    0.36012    0.336     0.12083     1187     1186
-0.03083      0.00977       0.04060.02411    0.35936    0.33524     0.1211     1187     1186
-0.03083      0.00962       0.040450.02411    0.35989    0.33578     0.12045     1187     1186
-0.03083      0.00969       0.040520.02411    0.35966    0.33555     0.12076     1187     1186
-0.03083      0.00969       0.040520.02411    0.35928    0.33516     0.1209     1187     1186
-0.03083      0.00992       0.040750.02411    0.3592    0.33509     0.12161     1187     1186
