  ---------- Measurements R0 at 80.0 [mA]  ---------- 
      Vzero [V]    Vmeas [V]    V [V]    Izero[mA]     Imeas [mA]      I [mA]         R0 [Ohm]      T1[Np]      T2[Np]  
-0.03065      -0.03114       -0.000480.02392    0.02534    0.00142     -0.33871     1188     1187
-0.03065      -0.03098       -0.000330.02392    0.02404    0.00012     -2.6875     1188     1187
-0.03065      -0.03098       -0.000330.02392    0.02373    -0.00018     1.79167     1188     1187
-0.03065      -0.03083       -0.000180.02392    0.02358    -0.00034     0.52273     1188     1187
-0.03065      -0.0306       5e-050.02392    0.02328    -0.00064     -0.08333     1188     1187
-0.03065      -0.03075       -0.00010.02392    0.02396    5e-05     -2.16667     1188     1187
-0.03065      -0.03106       -0.00040.02392    0.02335    -0.00056     0.71622     1188     1187
-0.03065      -0.03098       -0.000330.02392    0.02396    5e-05     -7.16667     1188     1187
-0.03065      -0.03053       0.000130.02392    0.0232    -0.00072     -0.18085     1188     1187
-0.03065      -0.03091       -0.000250.02392    0.02335    -0.00056     0.44595     1188     1187
-0.03065      -0.03053       0.000130.02392    0.02343    -0.00049     -0.26563     1188     1187
-0.03065      -0.0303       0.000360.02392    0.02442    0.0005     0.71212     1188     1187
-0.03065      -0.03068       -2e-050.02392    0.0248    0.00089     -0.02586     1188     1187
-0.03065      -0.03106       -0.00040.02392    0.02763    0.00371     -0.10905     1188     1187
-0.03065      -0.03053       0.000130.02392    0.0361    0.01218     0.01065     1188     1187
-0.03065      -0.02976       0.000890.02392    0.05044    0.02653     0.03366     1188     1187
-0.03065      -0.0293       0.001350.02392    0.07753    0.05362     0.02519     1188     1187
-0.03065      -0.02908       0.001580.02392    0.09348    0.06957     0.02271     1188     1187
-0.03065      -0.029       0.001660.02392    0.09745    0.07353     0.02252     1188     1187
-0.03065      -0.02839       0.002270.02392    0.09814    0.07422     0.03054     1188     1187
-0.03065      -0.02846       0.002190.02392    0.09852    0.0746     0.02936     1188     1187
-0.03065      -0.02923       0.001430.02392    0.09814    0.07422     0.01923     1188     1187
-0.03065      -0.02908       0.001580.02392    0.09875    0.07483     0.02111     1188     1187
-0.03065      -0.02846       0.002190.02392    0.09867    0.07476     0.0293     1188     1187
-0.03065      -0.02869       0.001960.02392    0.09928    0.07537     0.02602     1188     1187
-0.03065      -0.02892       0.001730.02392    0.0989    0.07498     0.0231     1188     1187
-0.03065      -0.029       0.001660.02392    0.09898    0.07506     0.02206     1188     1187
-0.03065      -0.02869       0.001960.02392    0.09875    0.07483     0.02621     1188     1187
-0.03065      -0.02869       0.001960.02392    0.0989    0.07498     0.02616     1188     1187
-0.03065      -0.02877       0.001880.02392    0.09921    0.07529     0.02504     1188     1187
-0.03065      -0.02824       0.002420.02392    0.09875    0.07483     0.03233     1188     1187
-0.03065      -0.02869       0.001960.02392    0.09936    0.07544     0.026     1188     1187
-0.03065      -0.029       0.001660.02392    0.0986    0.07468     0.02217     1188     1187
-0.03065      -0.02908       0.001580.02392    0.09944    0.07552     0.02092     1188     1187
-0.03065      -0.02869       0.001960.02392    0.09852    0.0746     0.02629     1188     1187
-0.03065      -0.02885       0.001810.02392    0.09966    0.07575     0.02388     1188     1187
-0.03065      -0.02877       0.001880.02392    0.09882    0.07491     0.02516     1188     1187
-0.03065      -0.02915       0.00150.02392    0.0989    0.07498     0.02005     1188     1187
-0.03065      -0.02846       0.002190.02392    0.09921    0.07529     0.02909     1188     1187
-0.03065      -0.02877       0.001880.02392    0.09852    0.0746     0.02527     1188     1187
-0.03065      -0.02831       0.002340.02392    0.0989    0.07498     0.03124     1188     1187
-0.03065      -0.02839       0.002270.02392    0.09928    0.07537     0.03007     1188     1187
-0.03065      -0.02862       0.002040.02392    0.09936    0.07544     0.02701     1188     1187
-0.03065      -0.02908       0.001580.02392    0.09936    0.07544     0.02094     1188     1187
-0.03065      -0.02877       0.001880.02392    0.0986    0.07468     0.02524     1188     1187
-0.03065      -0.02846       0.002190.02392    0.09821    0.0743     0.02948     1188     1187
-0.03065      -0.029       0.001660.02392    0.09852    0.0746     0.0222     1188     1187
-0.03065      -0.02908       0.001580.02392    0.09882    0.07491     0.02109     1188     1187
-0.03065      -0.02908       0.001580.02392    0.0986    0.07468     0.02115     1188     1187
-0.03065      -0.02869       0.001960.02392    0.09875    0.07483     0.02621     1188     1187
