  ---------- Measurements R0 at 470.0 [mA]  ---------- 
      Vzero [V]    Vmeas [V]    V [V]    Izero[mA]     Imeas [mA]      I [mA]         R0 [Ohm]      T1[Np]      T2[Np]  
-0.03057      -0.03106       -0.000490.02408    0.02587    0.00179     -0.27564     1186     1186
-0.03057      0.00794       0.03850.02408    0.3225    0.29841     0.12903     1186     1186
-0.03057      0.00954       0.040110.02408    0.3576    0.33352     0.12025     1186     1186
-0.03057      0.00946       0.040030.02408    0.3618    0.33771     0.11853     1186     1186
-0.03057      0.00946       0.040030.02408    0.36088    0.3368     0.11885     1186     1186
-0.03057      0.00977       0.040340.02408    0.36111    0.33703     0.11968     1186     1186
-0.03057      0.00954       0.040110.02408    0.36119    0.3371     0.11897     1186     1186
-0.03057      0.00969       0.040260.02408    0.36157    0.33748     0.11929     1186     1186
-0.03057      0.00962       0.040180.02408    0.36119    0.3371     0.1192     1186     1186
-0.03057      0.00969       0.040260.02408    0.36103    0.33695     0.11948     1186     1186
-0.03057      0.00962       0.040180.02408    0.36035    0.33626     0.1195     1186     1186
-0.03057      0.00962       0.040180.02408    0.36142    0.33733     0.11912     1186     1186
-0.03057      0.00962       0.040180.02408    0.36111    0.33703     0.11923     1186     1186
-0.03057      0.00954       0.040110.02408    0.36058    0.33649     0.11919     1186     1186
-0.03057      0.00969       0.040260.02408    0.36157    0.33748     0.11929     1186     1186
-0.03057      0.00969       0.040260.02408    0.36096    0.33687     0.11951     1186     1186
-0.03057      0.00962       0.040180.02408    0.36088    0.3368     0.11931     1186     1186
-0.03057      0.00977       0.040340.02408    0.36096    0.33687     0.11973     1186     1186
-0.03057      0.00946       0.040030.02408    0.36065    0.33657     0.11893     1186     1186
-0.03057      0.00962       0.040180.02408    0.36081    0.33672     0.11933     1186     1186
-0.03057      0.00946       0.040030.02408    0.36096    0.33687     0.11883     1186     1186
-0.03057      0.00954       0.040110.02408    0.36058    0.33649     0.11919     1186     1186
-0.03057      0.00954       0.040110.02408    0.36035    0.33626     0.11927     1186     1186
-0.03057      0.00946       0.040030.02408    0.36042    0.33634     0.11902     1186     1186
-0.03057      0.00962       0.040180.02408    0.36088    0.3368     0.11931     1186     1186
-0.03057      0.00969       0.040260.02408    0.36073    0.33665     0.11959     1186     1186
-0.03057      0.00954       0.040110.02408    0.36149    0.33741     0.11887     1186     1186
-0.03057      0.00969       0.040260.02408    0.36073    0.33665     0.11959     1186     1186
-0.03057      0.00954       0.040110.02408    0.36065    0.33657     0.11916     1186     1186
-0.03057      0.00977       0.040340.02408    0.36035    0.33626     0.11995     1186     1186
-0.03057      0.00969       0.040260.02408    0.36088    0.3368     0.11953     1186     1186
-0.03057      0.00969       0.040260.02408    0.3602    0.33611     0.11978     1186     1186
-0.03057      0.00954       0.040110.02408    0.36035    0.33626     0.11927     1186     1186
-0.03057      0.00969       0.040260.02408    0.36065    0.33657     0.11962     1186     1186
-0.03057      0.00939       0.039950.02408    0.36042    0.33634     0.11879     1186     1186
-0.03057      0.00969       0.040260.02408    0.36081    0.33672     0.11956     1186     1186
-0.03057      0.00977       0.040340.02408    0.36081    0.33672     0.11979     1186     1186
-0.03057      0.00954       0.040110.02408    0.36042    0.33634     0.11924     1186     1186
-0.03057      0.00954       0.040110.02408    0.36027    0.33619     0.1193     1186     1186
-0.03057      0.00939       0.039950.02408    0.36035    0.33626     0.11882     1186     1186
-0.03057      0.00977       0.040340.02408    0.36042    0.33634     0.11992     1186     1186
-0.03057      0.00969       0.040260.02408    0.36012    0.33603     0.11981     1186     1186
-0.03057      0.00977       0.040340.02408    0.36027    0.33619     0.11998     1186     1186
-0.03057      0.00954       0.040110.02408    0.36042    0.33634     0.11924     1186     1186
-0.03057      0.00939       0.039950.02408    0.35997    0.33588     0.11895     1186     1186
-0.03057      0.00984       0.040410.02408    0.36027    0.33619     0.1202     1186     1186
-0.03057      0.00962       0.040180.02408    0.36027    0.33619     0.11952     1186     1186
-0.03057      0.00984       0.040410.02408    0.36035    0.33626     0.12018     1186     1186
-0.03057      0.00954       0.040110.02408    0.3602    0.33611     0.11932     1186     1186
-0.03057      0.00954       0.040110.02408    0.36096    0.33687     0.11905     1186     1186
