  ---------- Measurements R0 at 440.0 [mA]  ---------- 
      Vzero [V]    Vmeas [V]    V [V]    Izero[mA]     Imeas [mA]      I [mA]         R0 [Ohm]      T1[Np]      T2[Np]  
-0.03087      -0.03083       4e-050.02409    0.02526    0.00117     0.03257     1186     1186
-0.03087      -0.02999       0.000880.02409    0.04655    0.02246     0.03907     1186     1186
-0.03087      0.00893       0.03980.02409    0.34936    0.32527     0.12235     1186     1186
-0.03087      0.00954       0.040410.02409    0.35806    0.33397     0.12099     1186     1186
-0.03087      0.00962       0.040480.02409    0.36126    0.33718     0.12007     1186     1186
-0.03087      0.00977       0.040640.02409    0.36149    0.3374     0.12044     1186     1186
-0.03087      0.00954       0.040410.02409    0.3605    0.33641     0.12011     1186     1186
-0.03087      0.00977       0.040640.02409    0.36126    0.33718     0.12052     1186     1186
-0.03087      0.00962       0.040480.02409    0.36126    0.33718     0.12007     1186     1186
-0.03087      0.00969       0.040560.02409    0.36096    0.33687     0.1204     1186     1186
-0.03087      0.00954       0.040410.02409    0.36035    0.33626     0.12017     1186     1186
-0.03087      0.00962       0.040480.02409    0.36096    0.33687     0.12018     1186     1186
-0.03087      0.00962       0.040480.02409    0.36065    0.33657     0.12029     1186     1186
-0.03087      0.00962       0.040480.02409    0.36096    0.33687     0.12018     1186     1186
-0.03087      0.00969       0.040560.02409    0.36081    0.33672     0.12046     1186     1186
-0.03087      0.00969       0.040560.02409    0.3602    0.33611     0.12068     1186     1186
-0.03087      0.00962       0.040480.02409    0.36004    0.33595     0.1205     1186     1186
-0.03087      0.00969       0.040560.02409    0.36119    0.3371     0.12032     1186     1186
-0.03087      0.00984       0.040710.02409    0.36088    0.33679     0.12088     1186     1186
-0.03087      0.00969       0.040560.02409    0.36126    0.33718     0.12029     1186     1186
-0.03087      0.00992       0.040790.02409    0.3605    0.33641     0.12125     1186     1186
-0.03087      0.00977       0.040640.02409    0.36081    0.33672     0.12068     1186     1186
-0.03087      0.00984       0.040710.02409    0.36065    0.33657     0.12097     1186     1186
-0.03087      0.00977       0.040640.02409    0.3605    0.33641     0.12079     1186     1186
-0.03087      0.00969       0.040560.02409    0.36042    0.33634     0.12059     1186     1186
-0.03087      0.00992       0.040790.02409    0.35997    0.33588     0.12144     1186     1186
-0.03087      0.00962       0.040480.02409    0.36012    0.33603     0.12048     1186     1186
-0.03087      0.00954       0.040410.02409    0.36065    0.33657     0.12006     1186     1186
-0.03087      0.00939       0.040250.02409    0.36027    0.33618     0.11974     1186     1186
-0.03087      0.00954       0.040410.02409    0.36065    0.33657     0.12006     1186     1186
-0.03087      0.00962       0.040480.02409    0.36012    0.33603     0.12048     1186     1186
-0.03087      0.00969       0.040560.02409    0.36081    0.33672     0.12046     1186     1186
-0.03087      0.00939       0.040250.02409    0.36027    0.33618     0.11974     1186     1186
-0.03087      0.00969       0.040560.02409    0.36035    0.33626     0.12062     1186     1186
-0.03087      0.00977       0.040640.02409    0.36042    0.33634     0.12082     1186     1186
-0.03087      0.00946       0.040330.02409    0.35997    0.33588     0.12008     1186     1186
-0.03087      0.00962       0.040480.02409    0.35981    0.33573     0.12059     1186     1186
-0.03087      0.00962       0.040480.02409    0.36027    0.33618     0.12042     1186     1186
-0.03087      0.00954       0.040410.02409    0.36004    0.33595     0.12028     1186     1186
-0.03087      0.00962       0.040480.02409    0.35997    0.33588     0.12053     1186     1186
-0.03087      0.00946       0.040330.02409    0.36042    0.33634     0.11991     1186     1186
-0.03087      0.00954       0.040410.02409    0.35997    0.33588     0.1203     1186     1186
-0.03087      0.00954       0.040410.02409    0.36004    0.33595     0.12028     1186     1186
-0.03087      0.00969       0.040560.02409    0.3602    0.33611     0.12068     1186     1186
-0.03087      0.00969       0.040560.02409    0.36065    0.33657     0.12051     1186     1186
-0.03087      0.01       0.040870.02409    0.36042    0.33634     0.1215     1186     1186
-0.03087      0.00946       0.040330.02409    0.35966    0.33557     0.12019     1186     1186
-0.03087      0.00969       0.040560.02409    0.35958    0.3355     0.1209     1186     1186
-0.03087      0.00954       0.040410.02409    0.3602    0.33611     0.12022     1186     1186
-0.03087      0.01       0.040870.02409    0.36027    0.33618     0.12156     1186     1186
