  ---------- Measurements R0 at 370.0 [mA]  ---------- 
      Vzero [V]    Vmeas [V]    V [V]    Izero[mA]     Imeas [mA]      I [mA]         R0 [Ohm]      T1[Np]      T2[Np]  
-0.0307      -0.03342       -0.002720.02392    0.02579    0.00187     -1.45418     1187     1186
-0.0307      -0.03007       0.000630.02392    0.03571    0.01179     0.0537     1187     1186
-0.0307      0.00839       0.039090.02392    0.33066    0.30674     0.12745     1187     1186
-0.0307      0.00931       0.040010.02392    0.34814    0.32422     0.12341     1187     1186
-0.0307      0.00939       0.040090.02392    0.35409    0.33017     0.12141     1187     1186
-0.0307      0.00962       0.040320.02392    0.35577    0.33185     0.12149     1187     1186
-0.0307      0.00939       0.040090.02392    0.3576    0.33368     0.12014     1187     1186
-0.0307      0.00969       0.040390.02392    0.35897    0.33505     0.12055     1187     1186
-0.0307      0.00962       0.040320.02392    0.36035    0.33643     0.11984     1187     1186
-0.0307      0.00962       0.040320.02392    0.36004    0.33612     0.11994     1187     1186
-0.0307      0.00954       0.040240.02392    0.36042    0.3365     0.11958     1187     1186
-0.0307      0.00946       0.040160.02392    0.36065    0.33673     0.11927     1187     1186
-0.0307      0.00962       0.040320.02392    0.36058    0.33666     0.11975     1187     1186
-0.0307      0.00969       0.040390.02392    0.36096    0.33704     0.11984     1187     1186
-0.0307      0.00962       0.040320.02392    0.36065    0.33673     0.11973     1187     1186
-0.0307      0.00984       0.040540.02392    0.36035    0.33643     0.12052     1187     1186
-0.0307      0.00962       0.040320.02392    0.36035    0.33643     0.11984     1187     1186
-0.0307      0.00954       0.040240.02392    0.3602    0.33628     0.11966     1187     1186
-0.0307      0.00977       0.040470.02392    0.35981    0.33589     0.12048     1187     1186
-0.0307      0.00962       0.040320.02392    0.36058    0.33666     0.11975     1187     1186
-0.0307      0.00946       0.040160.02392    0.36058    0.33666     0.1193     1187     1186
-0.0307      0.00984       0.040540.02392    0.36042    0.3365     0.12049     1187     1186
-0.0307      0.00977       0.040470.02392    0.36012    0.3362     0.12037     1187     1186
-0.0307      0.00977       0.040470.02392    0.36027    0.33635     0.12032     1187     1186
-0.0307      0.01       0.04070.02392    0.36027    0.33635     0.121     1187     1186
-0.0307      0.00969       0.040390.02392    0.36058    0.33666     0.11998     1187     1186
-0.0307      0.00954       0.040240.02392    0.36012    0.3362     0.11969     1187     1186
-0.0307      0.00969       0.040390.02392    0.3602    0.33628     0.12012     1187     1186
-0.0307      0.00977       0.040470.02392    0.36042    0.3365     0.12026     1187     1186
-0.0307      0.00969       0.040390.02392    0.35989    0.33597     0.12023     1187     1186
-0.0307      0.00962       0.040320.02392    0.35989    0.33597     0.12     1187     1186
-0.0307      0.00969       0.040390.02392    0.35974    0.33582     0.12028     1187     1186
-0.0307      0.00962       0.040320.02392    0.35966    0.33574     0.12008     1187     1186
-0.0307      0.00977       0.040470.02392    0.36065    0.33673     0.12018     1187     1186
-0.0307      0.00954       0.040240.02392    0.3602    0.33628     0.11966     1187     1186
-0.0307      0.00977       0.040470.02392    0.35989    0.33597     0.12045     1187     1186
-0.0307      0.00969       0.040390.02392    0.35974    0.33582     0.12028     1187     1186
-0.0307      0.01       0.04070.02392    0.3602    0.33628     0.12102     1187     1186
-0.0307      0.00946       0.040160.02392    0.35981    0.33589     0.11957     1187     1186
-0.0307      0.00969       0.040390.02392    0.36004    0.33612     0.12017     1187     1186
-0.0307      0.00962       0.040320.02392    0.36004    0.33612     0.11994     1187     1186
-0.0307      0.00962       0.040320.02392    0.35997    0.33605     0.11997     1187     1186
-0.0307      0.00954       0.040240.02392    0.3602    0.33628     0.11966     1187     1186
-0.0307      0.00977       0.040470.02392    0.3605    0.33658     0.12023     1187     1186
-0.0307      0.00969       0.040390.02392    0.36004    0.33612     0.12017     1187     1186
-0.0307      0.00969       0.040390.02392    0.36027    0.33635     0.12009     1187     1186
-0.0307      0.00969       0.040390.02392    0.3602    0.33628     0.12012     1187     1186
-0.0307      0.00969       0.040390.02392    0.36012    0.3362     0.12014     1187     1186
-0.0307      0.00969       0.040390.02392    0.35989    0.33597     0.12023     1187     1186
-0.0307      0.00977       0.040470.02392    0.36027    0.33635     0.12032     1187     1186
