  ---------- Measurements R0 at 240.0 [mA]  ---------- 
      Vzero [V]    Vmeas [V]    V [V]    Izero[mA]     Imeas [mA]      I [mA]         R0 [Ohm]      T1[Np]      T2[Np]  
-0.0311      -0.03091       0.000190.02393    0.02595    0.00202     0.09452     1187     1186
-0.0311      -0.03136       -0.000270.02393    0.02343    -0.0005     0.53435     1187     1186
-0.0311      -0.03129       -0.000190.02393    0.02419    0.00026     -0.72464     1187     1186
-0.0311      -0.02961       0.001490.02393    0.07486    0.05093     0.02922     1187     1186
-0.0311      0.00603       0.037130.02393    0.24229    0.21836     0.17002     1187     1186
-0.0311      0.00679       0.037890.02393    0.25443    0.2305     0.16438     1187     1186
-0.0311      0.00694       0.038040.02393    0.25557    0.23164     0.16423     1187     1186
-0.0311      0.00694       0.038040.02393    0.25588    0.23195     0.16401     1187     1186
-0.0311      0.00687       0.037970.02393    0.25549    0.23157     0.16395     1187     1186
-0.0311      0.00687       0.037970.02393    0.25549    0.23157     0.16395     1187     1186
-0.0311      0.00679       0.037890.02393    0.25611    0.23218     0.16319     1187     1186
-0.0311      0.00687       0.037970.02393    0.25542    0.23149     0.164     1187     1186
-0.0311      0.00694       0.038040.02393    0.25542    0.23149     0.16433     1187     1186
-0.0311      0.00687       0.037970.02393    0.25588    0.23195     0.16368     1187     1186
-0.0311      0.00694       0.038040.02393    0.25595    0.23202     0.16396     1187     1186
-0.0311      0.00694       0.038040.02393    0.25603    0.2321     0.1639     1187     1186
-0.0311      0.00694       0.038040.02393    0.25565    0.23172     0.16417     1187     1186
-0.0311      0.0071       0.038190.02393    0.25603    0.2321     0.16456     1187     1186
-0.0311      0.00694       0.038040.02393    0.25565    0.23172     0.16417     1187     1186
-0.0311      0.0071       0.038190.02393    0.25626    0.23233     0.1644     1187     1186
-0.0311      0.00687       0.037970.02393    0.25588    0.23195     0.16368     1187     1186
-0.0311      0.00694       0.038040.02393    0.25572    0.2318     0.16412     1187     1186
-0.0311      0.00679       0.037890.02393    0.25649    0.23256     0.16292     1187     1186
-0.0311      0.00702       0.038120.02393    0.25603    0.2321     0.16423     1187     1186
-0.0311      0.00672       0.037810.02393    0.25557    0.23164     0.16324     1187     1186
-0.0311      0.00687       0.037970.02393    0.25595    0.23202     0.16363     1187     1186
-0.0311      0.0071       0.038190.02393    0.25557    0.23164     0.16488     1187     1186
-0.0311      0.00687       0.037970.02393    0.25565    0.23172     0.16384     1187     1186
-0.0311      0.00717       0.038270.02393    0.25618    0.23225     0.16478     1187     1186
-0.0311      0.00672       0.037810.02393    0.25595    0.23202     0.16297     1187     1186
-0.0311      0.00694       0.038040.02393    0.25611    0.23218     0.16385     1187     1186
-0.0311      0.00694       0.038040.02393    0.25572    0.2318     0.16412     1187     1186
-0.0311      0.00679       0.037890.02393    0.25611    0.23218     0.16319     1187     1186
-0.0311      0.0071       0.038190.02393    0.25626    0.23233     0.1644     1187     1186
-0.0311      0.00702       0.038120.02393    0.25633    0.23241     0.16402     1187     1186
-0.0311      0.00702       0.038120.02393    0.25641    0.23248     0.16396     1187     1186
-0.0311      0.00679       0.037890.02393    0.25618    0.23225     0.16314     1187     1186
-0.0311      0.0071       0.038190.02393    0.25572    0.2318     0.16478     1187     1186
-0.0311      0.0071       0.038190.02393    0.25611    0.23218     0.16451     1187     1186
-0.0311      0.00702       0.038120.02393    0.25618    0.23225     0.16412     1187     1186
-0.0311      0.00694       0.038040.02393    0.25611    0.23218     0.16385     1187     1186
-0.0311      0.00702       0.038120.02393    0.25603    0.2321     0.16423     1187     1186
-0.0311      0.00672       0.037810.02393    0.25611    0.23218     0.16286     1187     1186
-0.0311      0.00687       0.037970.02393    0.25557    0.23164     0.1639     1187     1186
-0.0311      0.00702       0.038120.02393    0.2558    0.23187     0.16439     1187     1186
-0.0311      0.00687       0.037970.02393    0.2558    0.23187     0.16373     1187     1186
-0.0311      0.00687       0.037970.02393    0.25641    0.23248     0.1633     1187     1186
-0.0311      0.00694       0.038040.02393    0.25618    0.23225     0.16379     1187     1186
-0.0311      0.00694       0.038040.02393    0.25565    0.23172     0.16417     1187     1186
-0.0311      0.0071       0.038190.02393    0.25611    0.23218     0.16451     1187     1186
