  ---------- Measurements R0 at 340.0 [mA]  ---------- 
      Vzero [V]    Vmeas [V]    V [V]    Izero[mA]     Imeas [mA]      I [mA]         R0 [Ohm]      T1[Np]      T2[Np]  
-0.03056      -0.03106       -0.00050.02405    0.02541    0.00136     -0.37079     1187     1186
-0.03056      -0.03037       0.000180.02405    0.02373    -0.00032     -0.57143     1187     1186
-0.03056      0.00572       0.036280.02405    0.21734    0.19328     0.1877     1187     1186
-0.03056      0.009       0.039560.02405    0.33333    0.30928     0.12791     1187     1186
-0.03056      0.00954       0.040090.02405    0.3418    0.31775     0.12618     1187     1186
-0.03056      0.00946       0.040020.02405    0.34516    0.32111     0.12463     1187     1186
-0.03056      0.00962       0.040170.02405    0.34737    0.32332     0.12424     1187     1186
-0.03056      0.00954       0.040090.02405    0.34844    0.32439     0.1236     1187     1186
-0.03056      0.00977       0.040320.02405    0.34982    0.32576     0.12378     1187     1186
-0.03056      0.00946       0.040020.02405    0.34966    0.32561     0.1229     1187     1186
-0.03056      0.00984       0.04040.02405    0.3505    0.32645     0.12376     1187     1186
-0.03056      0.00977       0.040320.02405    0.35081    0.32676     0.12341     1187     1186
-0.03056      0.00962       0.040170.02405    0.35134    0.32729     0.12274     1187     1186
-0.03056      0.00946       0.040020.02405    0.35111    0.32706     0.12236     1187     1186
-0.03056      0.00946       0.040020.02405    0.35172    0.32767     0.12213     1187     1186
-0.03056      0.00946       0.040020.02405    0.35211    0.32805     0.12199     1187     1186
-0.03056      0.00969       0.040250.02405    0.3518    0.32775     0.1228     1187     1186
-0.03056      0.00969       0.040250.02405    0.35234    0.32828     0.1226     1187     1186
-0.03056      0.00962       0.040170.02405    0.35249    0.32843     0.12231     1187     1186
-0.03056      0.00977       0.040320.02405    0.35256    0.32851     0.12275     1187     1186
-0.03056      0.00969       0.040250.02405    0.35302    0.32897     0.12234     1187     1186
-0.03056      0.01       0.040550.02405    0.35226    0.32821     0.12356     1187     1186
-0.03056      0.00954       0.040090.02405    0.3534    0.32935     0.12174     1187     1186
-0.03056      0.00969       0.040250.02405    0.3534    0.32935     0.1222     1187     1186
-0.03056      0.00946       0.040020.02405    0.35325    0.3292     0.12156     1187     1186
-0.03056      0.00984       0.04040.02405    0.35325    0.3292     0.12272     1187     1186
-0.03056      0.00962       0.040170.02405    0.35363    0.32958     0.12189     1187     1186
-0.03056      0.00946       0.040020.02405    0.35371    0.32966     0.12139     1187     1186
-0.03056      0.00977       0.040320.02405    0.35325    0.3292     0.12249     1187     1186
-0.03056      0.00969       0.040250.02405    0.35348    0.32943     0.12217     1187     1186
-0.03056      0.00984       0.04040.02405    0.35363    0.32958     0.12258     1187     1186
-0.03056      0.01       0.040550.02405    0.35386    0.32981     0.12296     1187     1186
-0.03056      0.00984       0.04040.02405    0.3531    0.32904     0.12278     1187     1186
-0.03056      0.00977       0.040320.02405    0.35401    0.32996     0.12221     1187     1186
-0.03056      0.00969       0.040250.02405    0.35333    0.32927     0.12223     1187     1186
-0.03056      0.00962       0.040170.02405    0.3534    0.32935     0.12197     1187     1186
-0.03056      0.00969       0.040250.02405    0.35401    0.32996     0.12198     1187     1186
-0.03056      0.00962       0.040170.02405    0.35356    0.3295     0.12191     1187     1186
-0.03056      0.00984       0.04040.02405    0.35379    0.32973     0.12252     1187     1186
-0.03056      0.00962       0.040170.02405    0.35363    0.32958     0.12189     1187     1186
-0.03056      0.00969       0.040250.02405    0.35356    0.3295     0.12215     1187     1186
-0.03056      0.00946       0.040020.02405    0.35363    0.32958     0.12142     1187     1186
-0.03056      0.00946       0.040020.02405    0.35401    0.32996     0.12128     1187     1186
-0.03056      0.00977       0.040320.02405    0.35386    0.32981     0.12226     1187     1186
-0.03056      0.00977       0.040320.02405    0.35394    0.32988     0.12224     1187     1186
-0.03056      0.00962       0.040170.02405    0.35401    0.32996     0.12174     1187     1186
-0.03056      0.00939       0.039940.02405    0.35394    0.32988     0.12108     1187     1186
-0.03056      0.00984       0.04040.02405    0.3534    0.32935     0.12267     1187     1186
-0.03056      0.00969       0.040250.02405    0.35424    0.33019     0.12189     1187     1186
-0.03056      0.00962       0.040170.02405    0.35386    0.32981     0.1218     1187     1186
