  ---------- Measurements R0 at 280.0 [mA]  ---------- 
      Vzero [V]    Vmeas [V]    V [V]    Izero[mA]     Imeas [mA]      I [mA]         R0 [Ohm]      T1[Np]      T2[Np]  
-0.03085      -0.03106       -0.000210.02395    0.02579    0.00185     -0.11157     1187     1186
-0.03085      -0.03114       -0.000280.02395    0.02419    0.00024     -1.15625     1187     1186
-0.03085      -0.03037       0.000480.02395    0.05624    0.0323     0.01489     1187     1186
-0.03085      0.00702       0.037870.02395    0.27656    0.25261     0.14993     1187     1186
-0.03085      0.00786       0.038710.02395    0.29212    0.26818     0.14436     1187     1186
-0.03085      0.00801       0.038870.02395    0.29502    0.27108     0.14338     1187     1186
-0.03085      0.00794       0.038790.02395    0.29487    0.27092     0.14318     1187     1186
-0.03085      0.00794       0.038790.02395    0.29518    0.27123     0.14301     1187     1186
-0.03085      0.00794       0.038790.02395    0.29518    0.27123     0.14301     1187     1186
-0.03085      0.00786       0.038710.02395    0.2948    0.27085     0.14293     1187     1186
-0.03085      0.00809       0.038940.02395    0.29502    0.27108     0.14366     1187     1186
-0.03085      0.00817       0.039020.02395    0.29548    0.27154     0.1437     1187     1186
-0.03085      0.00824       0.039090.02395    0.29472    0.27077     0.14438     1187     1186
-0.03085      0.00801       0.038870.02395    0.29548    0.27154     0.14313     1187     1186
-0.03085      0.00824       0.039090.02395    0.2951    0.27115     0.14418     1187     1186
-0.03085      0.00809       0.038940.02395    0.29464    0.2707     0.14386     1187     1186
-0.03085      0.00801       0.038870.02395    0.29495    0.271     0.14342     1187     1186
-0.03085      0.00794       0.038790.02395    0.29541    0.27146     0.14289     1187     1186
-0.03085      0.00817       0.039020.02395    0.29495    0.271     0.14398     1187     1186
-0.03085      0.00809       0.038940.02395    0.29548    0.27154     0.14342     1187     1186
-0.03085      0.00801       0.038870.02395    0.29533    0.27138     0.14321     1187     1186
-0.03085      0.00801       0.038870.02395    0.29541    0.27146     0.14317     1187     1186
-0.03085      0.00817       0.039020.02395    0.29525    0.27131     0.14382     1187     1186
-0.03085      0.00794       0.038790.02395    0.29579    0.27184     0.14269     1187     1186
-0.03085      0.00809       0.038940.02395    0.29594    0.27199     0.14317     1187     1186
-0.03085      0.00794       0.038790.02395    0.29541    0.27146     0.14289     1187     1186
-0.03085      0.00824       0.039090.02395    0.29502    0.27108     0.14422     1187     1186
-0.03085      0.00817       0.039020.02395    0.29548    0.27154     0.1437     1187     1186
-0.03085      0.00801       0.038870.02395    0.29548    0.27154     0.14313     1187     1186
-0.03085      0.00794       0.038790.02395    0.2951    0.27115     0.14305     1187     1186
-0.03085      0.00809       0.038940.02395    0.29563    0.27169     0.14333     1187     1186
-0.03085      0.00801       0.038870.02395    0.29586    0.27192     0.14293     1187     1186
-0.03085      0.00794       0.038790.02395    0.29563    0.27169     0.14277     1187     1186
-0.03085      0.00801       0.038870.02395    0.29541    0.27146     0.14317     1187     1186
-0.03085      0.00809       0.038940.02395    0.29533    0.27138     0.1435     1187     1186
-0.03085      0.00824       0.039090.02395    0.29571    0.27176     0.14386     1187     1186
-0.03085      0.00809       0.038940.02395    0.29541    0.27146     0.14346     1187     1186
-0.03085      0.00801       0.038870.02395    0.29518    0.27123     0.1433     1187     1186
-0.03085      0.00801       0.038870.02395    0.29495    0.271     0.14342     1187     1186
-0.03085      0.00824       0.039090.02395    0.29579    0.27184     0.14382     1187     1186
-0.03085      0.00817       0.039020.02395    0.29563    0.27169     0.14362     1187     1186
-0.03085      0.00801       0.038870.02395    0.29571    0.27176     0.14301     1187     1186
-0.03085      0.00794       0.038790.02395    0.29533    0.27138     0.14293     1187     1186
-0.03085      0.00801       0.038870.02395    0.29525    0.27131     0.14325     1187     1186
-0.03085      0.00817       0.039020.02395    0.29502    0.27108     0.14394     1187     1186
-0.03085      0.00809       0.038940.02395    0.29579    0.27184     0.14325     1187     1186
-0.03085      0.00794       0.038790.02395    0.29525    0.27131     0.14297     1187     1186
-0.03085      0.00794       0.038790.02395    0.2951    0.27115     0.14305     1187     1186
-0.03085      0.00817       0.039020.02395    0.29594    0.27199     0.14345     1187     1186
-0.03085      0.00801       0.038870.02395    0.2948    0.27085     0.1435     1187     1186
