  ---------- Measurements R0 at 400.0 [mA]  ---------- 
      Vzero [V]    Vmeas [V]    V [V]    Izero[mA]     Imeas [mA]      I [mA]         R0 [Ohm]      T1[Np]      T2[Np]  
-0.03077      -0.03075       1e-050.02405    0.02602    0.00197     0.0058     1186     1186
-0.03077      -0.03083       -6e-050.02405    0.02465    0.0006     -0.10828     1186     1186
-0.03077      0.00763       0.03840.02405    0.29953    0.27548     0.13938     1186     1186
-0.03077      0.00962       0.040380.02405    0.35142    0.32737     0.12335     1186     1186
-0.03077      0.00954       0.04030.02405    0.35653    0.33248     0.12122     1186     1186
-0.03077      0.00969       0.040460.02405    0.35974    0.33569     0.12052     1186     1186
-0.03077      0.00969       0.040460.02405    0.36119    0.33714     0.12     1186     1186
-0.03077      0.00977       0.040530.02405    0.36065    0.3366     0.12042     1186     1186
-0.03077      0.00977       0.040530.02405    0.36126    0.33721     0.1202     1186     1186
-0.03077      0.00969       0.040460.02405    0.36065    0.3366     0.12019     1186     1186
-0.03077      0.00992       0.040690.02405    0.36081    0.33676     0.12082     1186     1186
-0.03077      0.00977       0.040530.02405    0.36042    0.33637     0.1205     1186     1186
-0.03077      0.00977       0.040530.02405    0.36073    0.33668     0.12039     1186     1186
-0.03077      0.00977       0.040530.02405    0.36081    0.33676     0.12036     1186     1186
-0.03077      0.00984       0.040610.02405    0.36065    0.3366     0.12065     1186     1186
-0.03077      0.00977       0.040530.02405    0.36065    0.3366     0.12042     1186     1186
-0.03077      0.00969       0.040460.02405    0.35966    0.33561     0.12055     1186     1186
-0.03077      0.00962       0.040380.02405    0.3605    0.33645     0.12002     1186     1186
-0.03077      0.00962       0.040380.02405    0.36042    0.33637     0.12005     1186     1186
-0.03077      0.00984       0.040610.02405    0.36073    0.33668     0.12062     1186     1186
-0.03077      0.00984       0.040610.02405    0.36073    0.33668     0.12062     1186     1186
-0.03077      0.00969       0.040460.02405    0.36096    0.33691     0.12008     1186     1186
-0.03077      0.00969       0.040460.02405    0.36035    0.3363     0.1203     1186     1186
-0.03077      0.00977       0.040530.02405    0.36012    0.33607     0.12061     1186     1186
-0.03077      0.00977       0.040530.02405    0.36081    0.33676     0.12036     1186     1186
-0.03077      0.01       0.040760.02405    0.36042    0.33637     0.12118     1186     1186
-0.03077      0.00977       0.040530.02405    0.36081    0.33676     0.12036     1186     1186
-0.03077      0.00962       0.040380.02405    0.35974    0.33569     0.12029     1186     1186
-0.03077      0.00984       0.040610.02405    0.36035    0.3363     0.12076     1186     1186
-0.03077      0.00977       0.040530.02405    0.36058    0.33653     0.12045     1186     1186
-0.03077      0.00969       0.040460.02405    0.36065    0.3366     0.12019     1186     1186
-0.03077      0.00984       0.040610.02405    0.36058    0.33653     0.12067     1186     1186
-0.03077      0.00969       0.040460.02405    0.35997    0.33592     0.12044     1186     1186
-0.03077      0.00977       0.040530.02405    0.3602    0.33615     0.12058     1186     1186
-0.03077      0.00977       0.040530.02405    0.35981    0.33576     0.12072     1186     1186
-0.03077      0.00984       0.040610.02405    0.35974    0.33569     0.12097     1186     1186
-0.03077      0.00969       0.040460.02405    0.36027    0.33622     0.12033     1186     1186
-0.03077      0.00977       0.040530.02405    0.36004    0.33599     0.12064     1186     1186
-0.03077      0.00977       0.040530.02405    0.3602    0.33615     0.12058     1186     1186
-0.03077      0.00984       0.040610.02405    0.36012    0.33607     0.12084     1186     1186
-0.03077      0.00969       0.040460.02405    0.3602    0.33615     0.12036     1186     1186
-0.03077      0.00969       0.040460.02405    0.35981    0.33576     0.12049     1186     1186
-0.03077      0.00969       0.040460.02405    0.36058    0.33653     0.12022     1186     1186
-0.03077      0.00969       0.040460.02405    0.36035    0.3363     0.1203     1186     1186
-0.03077      0.00969       0.040460.02405    0.35974    0.33569     0.12052     1186     1186
-0.03077      0.00969       0.040460.02405    0.35981    0.33576     0.12049     1186     1186
-0.03077      0.00962       0.040380.02405    0.36004    0.33599     0.12018     1186     1186
-0.03077      0.00969       0.040460.02405    0.36012    0.33607     0.12038     1186     1186
-0.03077      0.00977       0.040530.02405    0.36058    0.33653     0.12045     1186     1186
-0.03077      0.00969       0.040460.02405    0.3602    0.33615     0.12036     1186     1186
