  ---------- Measurements R0 at 380.0 [mA]  ---------- 
      Vzero [V]    Vmeas [V]    V [V]    Izero[mA]     Imeas [mA]      I [mA]         R0 [Ohm]      T1[Np]      T2[Np]  
-0.03061      -0.03327       -0.002660.0241    0.02556    0.00147     -1.81299     1186     1186
-0.03061      -0.03106       -0.000450.0241    0.02373    -0.00036     1.24211     1186     1186
-0.03061      0.00702       0.037630.0241    0.28457    0.26047     0.14447     1186     1186
-0.03061      0.00954       0.040150.0241    0.34768    0.32358     0.12407     1186     1186
-0.03061      0.00939       0.040.0241    0.35363    0.32954     0.12137     1186     1186
-0.03061      0.00962       0.040220.0241    0.35607    0.33198     0.12117     1186     1186
-0.03061      0.00977       0.040380.0241    0.35897    0.33488     0.12057     1186     1186
-0.03061      0.00984       0.040450.0241    0.36065    0.33656     0.1202     1186     1186
-0.03061      0.00969       0.04030.0241    0.36088    0.33679     0.11966     1186     1186
-0.03061      0.00962       0.040220.0241    0.36058    0.33648     0.11954     1186     1186
-0.03061      0.00954       0.040150.0241    0.36096    0.33686     0.11918     1186     1186
-0.03061      0.00984       0.040450.0241    0.36088    0.33679     0.12012     1186     1186
-0.03061      0.01023       0.040830.0241    0.36042    0.33633     0.12141     1186     1186
-0.03061      0.00984       0.040450.0241    0.36103    0.33694     0.12006     1186     1186
-0.03061      0.00984       0.040450.0241    0.36073    0.33663     0.12017     1186     1186
-0.03061      0.00984       0.040450.0241    0.36027    0.33618     0.12033     1186     1186
-0.03061      0.00954       0.040150.0241    0.36088    0.33679     0.11921     1186     1186
-0.03061      0.00992       0.040530.0241    0.36103    0.33694     0.12029     1186     1186
-0.03061      0.00962       0.040220.0241    0.36035    0.33625     0.11963     1186     1186
-0.03061      0.00962       0.040220.0241    0.36058    0.33648     0.11954     1186     1186
-0.03061      0.00984       0.040450.0241    0.3602    0.3361     0.12036     1186     1186
-0.03061      0.00969       0.04030.0241    0.36027    0.33618     0.11988     1186     1186
-0.03061      0.00977       0.040380.0241    0.3605    0.3364     0.12002     1186     1186
-0.03061      0.00977       0.040380.0241    0.36042    0.33633     0.12005     1186     1186
-0.03061      0.00962       0.040220.0241    0.3602    0.3361     0.11968     1186     1186
-0.03061      0.00984       0.040450.0241    0.36027    0.33618     0.12033     1186     1186
-0.03061      0.00954       0.040150.0241    0.36073    0.33663     0.11926     1186     1186
-0.03061      0.00962       0.040220.0241    0.36004    0.33595     0.11973     1186     1186
-0.03061      0.00962       0.040220.0241    0.3602    0.3361     0.11968     1186     1186
-0.03061      0.00946       0.040070.0241    0.35974    0.33564     0.11939     1186     1186
-0.03061      0.00977       0.040380.0241    0.36035    0.33625     0.12008     1186     1186
-0.03061      0.01       0.040610.0241    0.36042    0.33633     0.12073     1186     1186
-0.03061      0.00977       0.040380.0241    0.36012    0.33602     0.12016     1186     1186
-0.03061      0.00962       0.040220.0241    0.36035    0.33625     0.11963     1186     1186
-0.03061      0.00977       0.040380.0241    0.36042    0.33633     0.12005     1186     1186
-0.03061      0.00954       0.040150.0241    0.3605    0.3364     0.11934     1186     1186
-0.03061      0.00984       0.040450.0241    0.35966    0.33557     0.12055     1186     1186
-0.03061      0.00977       0.040380.0241    0.3605    0.3364     0.12002     1186     1186
-0.03061      0.00984       0.040450.0241    0.36012    0.33602     0.12039     1186     1186
-0.03061      0.00992       0.040530.0241    0.36027    0.33618     0.12056     1186     1186
-0.03061      0.00969       0.04030.0241    0.36042    0.33633     0.11983     1186     1186
-0.03061      0.00969       0.04030.0241    0.35981    0.33572     0.12004     1186     1186
-0.03061      0.00969       0.04030.0241    0.36012    0.33602     0.11993     1186     1186
-0.03061      0.00977       0.040380.0241    0.35989    0.33579     0.12024     1186     1186
-0.03061      0.00923       0.039840.0241    0.35981    0.33572     0.11868     1186     1186
-0.03061      0.00992       0.040530.0241    0.36012    0.33602     0.12062     1186     1186
-0.03061      0.00962       0.040220.0241    0.35966    0.33557     0.11987     1186     1186
-0.03061      0.00984       0.040450.0241    0.36012    0.33602     0.12039     1186     1186
-0.03061      0.00977       0.040380.0241    0.35989    0.33579     0.12024     1186     1186
-0.03061      0.00984       0.040450.0241    0.35981    0.33572     0.1205     1186     1186
