  ---------- Measurements R0 at 450.0 [mA]  ---------- 
      Vzero [V]    Vmeas [V]    V [V]    Izero[mA]     Imeas [mA]      I [mA]         R0 [Ohm]      T1[Np]      T2[Np]  
-0.03051      -0.03327       -0.002760.02397    0.02572    0.00174     -1.58425     1186     1186
-0.03051      0.00809       0.03860.02397    0.32273    0.29875     0.1292     1186     1186
-0.03051      0.00962       0.040130.02397    0.35668    0.33271     0.1206     1186     1186
-0.03051      0.00962       0.040130.02397    0.36126    0.33729     0.11896     1186     1186
-0.03051      0.00969       0.04020.02397    0.36058    0.3366     0.11943     1186     1186
-0.03051      0.00954       0.040050.02397    0.36134    0.33737     0.11871     1186     1186
-0.03051      0.00984       0.040350.02397    0.3605    0.33653     0.11991     1186     1186
-0.03051      0.00962       0.040130.02397    0.36088    0.33691     0.1191     1186     1186
-0.03051      0.00977       0.040280.02397    0.36157    0.3376     0.11931     1186     1186
-0.03051      0.00977       0.040280.02397    0.36096    0.33698     0.11952     1186     1186
-0.03051      0.00984       0.040350.02397    0.36088    0.33691     0.11978     1186     1186
-0.03051      0.00984       0.040350.02397    0.36081    0.33683     0.1198     1186     1186
-0.03051      0.00962       0.040130.02397    0.36165    0.33767     0.11883     1186     1186
-0.03051      0.00984       0.040350.02397    0.36119    0.33721     0.11967     1186     1186
-0.03051      0.00977       0.040280.02397    0.36081    0.33683     0.11958     1186     1186
-0.03051      0.00984       0.040350.02397    0.36096    0.33698     0.11975     1186     1186
-0.03051      0.00962       0.040130.02397    0.36081    0.33683     0.11913     1186     1186
-0.03051      0.00962       0.040130.02397    0.36096    0.33698     0.11907     1186     1186
-0.03051      0.00962       0.040130.02397    0.36058    0.3366     0.11921     1186     1186
-0.03051      0.00977       0.040280.02397    0.36088    0.33691     0.11955     1186     1186
-0.03051      0.00977       0.040280.02397    0.3602    0.33622     0.1198     1186     1186
-0.03051      0.00984       0.040350.02397    0.36027    0.3363     0.12     1186     1186
-0.03051      0.00969       0.04020.02397    0.36126    0.33729     0.11919     1186     1186
-0.03051      0.00992       0.040430.02397    0.36081    0.33683     0.12003     1186     1186
-0.03051      0.00969       0.04020.02397    0.36088    0.33691     0.11932     1186     1186
-0.03051      0.00977       0.040280.02397    0.36035    0.33637     0.11974     1186     1186
-0.03051      0.00992       0.040430.02397    0.36058    0.3366     0.12011     1186     1186
-0.03051      0.00977       0.040280.02397    0.36027    0.3363     0.11977     1186     1186
-0.03051      0.00984       0.040350.02397    0.36035    0.33637     0.11997     1186     1186
-0.03051      0.00992       0.040430.02397    0.36088    0.33691     0.12     1186     1186
-0.03051      0.00977       0.040280.02397    0.36035    0.33637     0.11974     1186     1186
-0.03051      0.00969       0.04020.02397    0.36035    0.33637     0.11951     1186     1186
-0.03051      0.00984       0.040350.02397    0.3605    0.33653     0.11991     1186     1186
-0.03051      0.00977       0.040280.02397    0.3605    0.33653     0.11969     1186     1186
-0.03051      0.00969       0.04020.02397    0.36004    0.33607     0.11962     1186     1186
-0.03051      0.00977       0.040280.02397    0.36004    0.33607     0.11985     1186     1186
-0.03051      0.00969       0.04020.02397    0.36058    0.3366     0.11943     1186     1186
-0.03051      0.00984       0.040350.02397    0.3602    0.33622     0.12002     1186     1186
-0.03051      0.00969       0.04020.02397    0.3602    0.33622     0.11957     1186     1186
-0.03051      0.00969       0.04020.02397    0.36058    0.3366     0.11943     1186     1186
-0.03051      0.00977       0.040280.02397    0.36027    0.3363     0.11977     1186     1186
-0.03051      0.00969       0.04020.02397    0.36058    0.3366     0.11943     1186     1186
-0.03051      0.00946       0.039970.02397    0.36012    0.33615     0.11891     1186     1186
-0.03051      0.00969       0.04020.02397    0.36042    0.33645     0.11949     1186     1186
-0.03051      0.00969       0.04020.02397    0.36035    0.33637     0.11951     1186     1186
-0.03051      0.00992       0.040430.02397    0.3605    0.33653     0.12014     1186     1186
-0.03051      0.00954       0.040050.02397    0.36004    0.33607     0.11917     1186     1186
-0.03051      0.00992       0.040430.02397    0.36004    0.33607     0.1203     1186     1186
-0.03051      0.00969       0.04020.02397    0.35981    0.33584     0.1197     1186     1186
-0.03051      0.00977       0.040280.02397    0.3602    0.33622     0.1198     1186     1186
