  ---------- Measurements R0 at 390.0 [mA]  ---------- 
      Vzero [V]    Vmeas [V]    V [V]    Izero[mA]     Imeas [mA]      I [mA]         R0 [Ohm]      T1[Np]      T2[Np]  
-0.03034      -0.03068       -0.000340.0241    0.02564    0.00155     -0.21975     1186     1186
-0.03034      -0.02908       0.001260.0241    0.07753    0.05344     0.02363     1186     1186
-0.03034      0.00878       0.039110.0241    0.3444    0.3203     0.12212     1186     1186
-0.03034      0.00969       0.040030.0241    0.3534    0.32931     0.12156     1186     1186
-0.03034      0.00962       0.039950.0241    0.35791    0.33381     0.11969     1186     1186
-0.03034      0.00969       0.040030.0241    0.35958    0.33549     0.11932     1186     1186
-0.03034      0.00984       0.040180.0241    0.36096    0.33686     0.11928     1186     1186
-0.03034      0.00969       0.040030.0241    0.36096    0.33686     0.11883     1186     1186
-0.03034      0.00969       0.040030.0241    0.36103    0.33694     0.1188     1186     1186
-0.03034      0.00984       0.040180.0241    0.36134    0.33724     0.11915     1186     1186
-0.03034      0.00969       0.040030.0241    0.36111    0.33702     0.11878     1186     1186
-0.03034      0.00939       0.039720.0241    0.3605    0.3364     0.11809     1186     1186
-0.03034      0.00969       0.040030.0241    0.36058    0.33648     0.11897     1186     1186
-0.03034      0.00984       0.040180.0241    0.36073    0.33663     0.11937     1186     1186
-0.03034      0.00962       0.039950.0241    0.36088    0.33679     0.11863     1186     1186
-0.03034      0.00984       0.040180.0241    0.36103    0.33694     0.11926     1186     1186
-0.03034      0.00977       0.040110.0241    0.3605    0.3364     0.11922     1186     1186
-0.03034      0.00969       0.040030.0241    0.36058    0.33648     0.11897     1186     1186
-0.03034      0.00962       0.039950.0241    0.36035    0.33625     0.11882     1186     1186
-0.03034      0.00984       0.040180.0241    0.36027    0.33618     0.11953     1186     1186
-0.03034      0.00977       0.040110.0241    0.36042    0.33633     0.11925     1186     1186
-0.03034      0.00977       0.040110.0241    0.35966    0.33557     0.11952     1186     1186
-0.03034      0.00984       0.040180.0241    0.3602    0.3361     0.11955     1186     1186
-0.03034      0.00969       0.040030.0241    0.36027    0.33618     0.11907     1186     1186
-0.03034      0.00977       0.040110.0241    0.36004    0.33595     0.11938     1186     1186
-0.03034      0.00969       0.040030.0241    0.3605    0.3364     0.11899     1186     1186
-0.03034      0.00969       0.040030.0241    0.35997    0.33587     0.11918     1186     1186
-0.03034      0.00969       0.040030.0241    0.35981    0.33572     0.11924     1186     1186
-0.03034      0.00984       0.040180.0241    0.36088    0.33679     0.11931     1186     1186
-0.03034      0.00992       0.040260.0241    0.36027    0.33618     0.11975     1186     1186
-0.03034      0.00969       0.040030.0241    0.36004    0.33595     0.11915     1186     1186
-0.03034      0.00962       0.039950.0241    0.35981    0.33572     0.11901     1186     1186
-0.03034      0.00977       0.040110.0241    0.36042    0.33633     0.11925     1186     1186
-0.03034      0.00992       0.040260.0241    0.35997    0.33587     0.11986     1186     1186
-0.03034      0.00992       0.040260.0241    0.36004    0.33595     0.11984     1186     1186
-0.03034      0.00969       0.040030.0241    0.36042    0.33633     0.11902     1186     1186
-0.03034      0.00969       0.040030.0241    0.36004    0.33595     0.11915     1186     1186
-0.03034      0.00984       0.040180.0241    0.3605    0.3364     0.11945     1186     1186
-0.03034      0.00969       0.040030.0241    0.36027    0.33618     0.11907     1186     1186
-0.03034      0.00969       0.040030.0241    0.35981    0.33572     0.11924     1186     1186
-0.03034      0.00977       0.040110.0241    0.35989    0.33579     0.11944     1186     1186
-0.03034      0.00977       0.040110.0241    0.36065    0.33656     0.11917     1186     1186
-0.03034      0.00969       0.040030.0241    0.36004    0.33595     0.11915     1186     1186
-0.03034      0.00962       0.039950.0241    0.35974    0.33564     0.11904     1186     1186
-0.03034      0.00977       0.040110.0241    0.36012    0.33602     0.11936     1186     1186
-0.03034      0.00969       0.040030.0241    0.35958    0.33549     0.11932     1186     1186
-0.03034      0.00977       0.040110.0241    0.35981    0.33572     0.11946     1186     1186
-0.03034      0.00977       0.040110.0241    0.36027    0.33618     0.1193     1186     1186
-0.03034      0.00969       0.040030.0241    0.35981    0.33572     0.11924     1186     1186
-0.03034      0.00969       0.040030.0241    0.36012    0.33602     0.11913     1186     1186
