  ---------- Measurements R0 at 220.0 [mA]  ---------- 
      Vzero [V]    Vmeas [V]    V [V]    Izero[mA]     Imeas [mA]      I [mA]         R0 [Ohm]      T1[Np]      T2[Np]  
-1.10115      -0.03152       1.069640.16683    0.02618    -0.14066     -7.60444     1187     1186
-1.10115      -0.03022       1.070930.16683    0.02389    -0.14295     -7.49173     1187     1186
-1.10115      -0.03068       1.070470.16683    0.0235    -0.14333     -7.46859     1187     1186
-1.10115      -0.03068       1.070470.16683    0.04151    -0.12532     -8.5419     1187     1186
-1.10115      0.00542       1.106570.16683    0.20681    0.03997     27.68328     1187     1186
-1.10115      0.00641       1.107560.16683    0.23382    0.06699     16.53395     1187     1186
-1.10115      0.00618       1.107330.16683    0.23565    0.06882     16.0906     1187     1186
-1.10115      0.00656       1.107720.16683    0.23558    0.06874     16.11401     1187     1186
-1.10115      0.00618       1.107330.16683    0.23565    0.06882     16.0906     1187     1186
-1.10115      0.00641       1.107560.16683    0.23596    0.06912     16.02285     1187     1186
-1.10115      0.00641       1.107560.16683    0.23657    0.06973     15.88258     1187     1186
-1.10115      0.00641       1.107560.16683    0.23596    0.06912     16.02285     1187     1186
-1.10115      0.00672       1.107870.16683    0.23649    0.06966     15.90436     1187     1186
-1.10115      0.00656       1.107720.16683    0.23626    0.06943     15.95461     1187     1186
-1.10115      0.00656       1.107720.16683    0.23619    0.06935     15.97216     1187     1186
-1.10115      0.00649       1.107640.16683    0.23626    0.06943     15.95351     1187     1186
-1.10115      0.00618       1.107330.16683    0.23626    0.06943     15.94911     1187     1186
-1.10115      0.00633       1.107490.16683    0.23581    0.06897     16.0572     1187     1186
-1.10115      0.00656       1.107720.16683    0.23649    0.06966     15.90217     1187     1186
-1.10115      0.00641       1.107560.16683    0.23626    0.06943     15.95241     1187     1186
-1.10115      0.00656       1.107720.16683    0.23657    0.06973     15.88477     1187     1186
-1.10115      0.00679       1.107940.16683    0.23626    0.06943     15.9579     1187     1186
-1.10115      0.00679       1.107940.16683    0.23603    0.0692     16.0107     1187     1186
-1.10115      0.00641       1.107560.16683    0.23573    0.06889     16.0761     1187     1186
-1.10115      0.00649       1.107640.16683    0.23626    0.06943     15.95351     1187     1186
-1.10115      0.00626       1.107410.16683    0.23642    0.06958     15.91522     1187     1186
-1.10115      0.00641       1.107560.16683    0.23642    0.06958     15.91742     1187     1186
-1.10115      0.00633       1.107490.16683    0.23642    0.06958     15.91632     1187     1186
-1.10115      0.00641       1.107560.16683    0.23695    0.07012     15.79615     1187     1186
-1.10115      0.00656       1.107720.16683    0.23611    0.06928     15.98976     1187     1186
-1.10115      0.00641       1.107560.16683    0.23596    0.06912     16.02285     1187     1186
-1.10115      0.00626       1.107410.16683    0.23657    0.06973     15.88039     1187     1186
-1.10115      0.00641       1.107560.16683    0.23665    0.06981     15.86522     1187     1186
-1.10115      0.00664       1.107790.16683    0.23611    0.06928     15.99086     1187     1186
-1.10115      0.00656       1.107720.16683    0.23611    0.06928     15.98976     1187     1186
-1.10115      0.00626       1.107410.16683    0.23657    0.06973     15.88039     1187     1186
-1.10115      0.00649       1.107640.16683    0.23657    0.06973     15.88367     1187     1186
-1.10115      0.00664       1.107790.16683    0.23649    0.06966     15.90326     1187     1186
-1.10115      0.00641       1.107560.16683    0.23619    0.06935     15.96996     1187     1186
-1.10115      0.00656       1.107720.16683    0.23642    0.06958     15.91961     1187     1186
-1.10115      0.00656       1.107720.16683    0.23581    0.06897     16.06052     1187     1186
-1.10115      0.00626       1.107410.16683    0.23649    0.06966     15.89779     1187     1186
-1.10115      0.00664       1.107790.16683    0.23634    0.06951     15.93819     1187     1186
-1.10115      0.00656       1.107720.16683    0.23626    0.06943     15.95461     1187     1186
-1.10115      0.00633       1.107490.16683    0.23657    0.06973     15.88148     1187     1186
-1.10115      0.00656       1.107720.16683    0.23619    0.06935     15.97216     1187     1186
-1.10115      0.00649       1.107640.16683    0.23619    0.06935     15.97106     1187     1186
-1.10115      0.00656       1.107720.16683    0.23626    0.06943     15.95461     1187     1186
-1.10115      0.00664       1.107790.16683    0.23634    0.06951     15.93819     1187     1186
-1.10115      0.00649       1.107640.16683    0.23619    0.06935     15.97106     1187     1186
