  ---------- Measurements R0 at 120.0 [mA]  ---------- 
      Vzero [V]    Vmeas [V]    V [V]    Izero[mA]     Imeas [mA]      I [mA]         R0 [Ohm]      T1[Np]      T2[Np]  
-0.03079      -0.03083       -4e-050.02373    0.02549    0.00176     -0.02386     1188     1187
-0.03079      -0.03068       0.000110.02373    0.02312    -0.00061     -0.18239     1188     1187
-0.03079      -0.0303       0.000490.02373    0.02373    0.0     129.0     1188     1187
-0.03079      -0.0303       0.000490.02373    0.02312    -0.00061     -0.81132     1188     1187
-0.03079      -0.03075       3e-050.02373    0.02373    0.0     9.0     1188     1187
-0.03079      -0.0303       0.000490.02373    0.02427    0.00054     0.91489     1188     1187
-0.03079      -0.03037       0.000420.02373    0.02572    0.00199     0.20921     1188     1187
-0.03079      -0.02999       0.00080.02373    0.04289    0.01916     0.04163     1188     1187
-0.03079      -0.02862       0.002170.02373    0.10333    0.0796     0.02728     1188     1187
-0.03079      0.00336       0.034150.02373    0.13294    0.10921     0.31267     1188     1187
-0.03079      -0.02717       0.003620.02373    0.13652    0.11279     0.0321     1188     1187
-0.03079      0.00366       0.034450.02373    0.13698    0.11325     0.3042     1188     1187
-0.03079      -0.02801       0.002780.02373    0.1379    0.11417     0.02436     1188     1187
-0.03079      0.00351       0.03430.02373    0.13713    0.1134     0.30245     1188     1187
-0.03079      -0.02724       0.003540.02373    0.13835    0.11463     0.03092     1188     1187
-0.03079      0.00359       0.034380.02373    0.13698    0.11325     0.30353     1188     1187
-0.03079      0.00412       0.034910.02373    0.1379    0.11417     0.30577     1188     1187
-0.03079      -0.02701       0.003770.02373    0.13843    0.1147     0.0329     1188     1187
-0.03079      0.00359       0.034380.02373    0.13698    0.11325     0.30353     1188     1187
-0.03079      0.00412       0.034910.02373    0.1379    0.11417     0.30577     1188     1187
-0.03079      0.00435       0.035140.02373    0.13713    0.1134     0.30985     1188     1187
-0.03079      0.00412       0.034910.02373    0.13767    0.11394     0.30639     1188     1187
-0.03079      0.0042       0.034990.02373    0.13759    0.11386     0.30726     1188     1187
-0.03079      -0.02778       0.003010.02373    0.13813    0.1144     0.02632     1188     1187
-0.03079      0.00366       0.034450.02373    0.13805    0.11432     0.30136     1188     1187
-0.03079      -0.02747       0.003320.02373    0.13843    0.1147     0.02891     1188     1187
-0.03079      0.00359       0.034380.02373    0.1382    0.11447     0.30029     1188     1187
-0.03079      -0.02694       0.003850.02373    0.13851    0.11478     0.03354     1188     1187
-0.03079      0.00343       0.034220.02373    0.13736    0.11363     0.30117     1188     1187
-0.03079      0.0042       0.034990.02373    0.13721    0.11348     0.30829     1188     1187
-0.03079      0.00412       0.034910.02373    0.1382    0.11447     0.30496     1188     1187
-0.03079      -0.02724       0.003540.02373    0.13813    0.1144     0.03099     1188     1187
-0.03079      0.00366       0.034450.02373    0.13813    0.1144     0.30116     1188     1187
-0.03079      0.00404       0.034830.02373    0.13759    0.11386     0.30592     1188     1187
-0.03079      0.0042       0.034990.02373    0.13828    0.11455     0.30542     1188     1187
-0.03079      0.0042       0.034990.02373    0.13782    0.11409     0.30665     1188     1187
-0.03079      -0.02694       0.003850.02373    0.1382    0.11447     0.03363     1188     1187
-0.03079      0.00366       0.034450.02373    0.13797    0.11424     0.30156     1188     1187
-0.03079      0.0042       0.034990.02373    0.13675    0.11302     0.30954     1188     1187
-0.03079      -0.02709       0.00370.02373    0.13843    0.1147     0.03223     1188     1187
-0.03079      0.00359       0.034380.02373    0.13774    0.11401     0.3015     1188     1187
-0.03079      0.00443       0.035210.02373    0.13805    0.11432     0.30803     1188     1187
-0.03079      -0.02763       0.003160.02373    0.13797    0.11424     0.02769     1188     1187
-0.03079      0.00374       0.034530.02373    0.1379    0.11417     0.30243     1188     1187
-0.03079      -0.02694       0.003850.02373    0.13874    0.11501     0.03348     1188     1187
-0.03079      0.00366       0.034450.02373    0.1382    0.11447     0.30096     1188     1187
-0.03079      0.00412       0.034910.02373    0.13736    0.11363     0.30721     1188     1187
-0.03079      0.00427       0.035060.02373    0.13752    0.11379     0.30814     1188     1187
-0.03079      -0.02709       0.00370.02373    0.1382    0.11447     0.0323     1188     1187
-0.03079      0.00374       0.034530.02373    0.13813    0.1144     0.30182     1188     1187
