  ---------- Measurements R0 at 460.0 [mA]  ---------- 
      Vzero [V]    Vmeas [V]    V [V]    Izero[mA]     Imeas [mA]      I [mA]         R0 [Ohm]      T1[Np]      T2[Np]  
-0.03063      -0.03083       -0.00020.02398    0.02572    0.00174     -0.11429     1186     1186
-0.03063      -0.03068       -5e-050.02398    0.02625    0.00227     -0.02017     1186     1186
-0.03063      0.00862       0.039260.02398    0.34692    0.32294     0.12156     1186     1186
-0.03063      0.00962       0.040250.02398    0.35905    0.33507     0.12012     1186     1186
-0.03063      0.00954       0.040170.02398    0.36096    0.33698     0.11921     1186     1186
-0.03063      0.00969       0.040320.02398    0.36134    0.33736     0.11953     1186     1186
-0.03063      0.00977       0.04040.02398    0.36119    0.33721     0.11981     1186     1186
-0.03063      0.00984       0.040480.02398    0.3618    0.33782     0.11982     1186     1186
-0.03063      0.00977       0.04040.02398    0.36103    0.33705     0.11986     1186     1186
-0.03063      0.00962       0.040250.02398    0.36119    0.33721     0.11936     1186     1186
-0.03063      0.00962       0.040250.02398    0.36058    0.3366     0.11957     1186     1186
-0.03063      0.00969       0.040320.02398    0.36119    0.33721     0.11958     1186     1186
-0.03063      0.00977       0.04040.02398    0.36088    0.3369     0.11992     1186     1186
-0.03063      0.00969       0.040320.02398    0.36096    0.33698     0.11966     1186     1186
-0.03063      0.00977       0.04040.02398    0.36088    0.3369     0.11992     1186     1186
-0.03063      0.00969       0.040320.02398    0.36058    0.3366     0.1198     1186     1186
-0.03063      0.00954       0.040170.02398    0.36081    0.33682     0.11926     1186     1186
-0.03063      0.00984       0.040480.02398    0.36073    0.33675     0.1202     1186     1186
-0.03063      0.00969       0.040320.02398    0.36065    0.33667     0.11977     1186     1186
-0.03063      0.00977       0.04040.02398    0.36088    0.3369     0.11992     1186     1186
-0.03063      0.00977       0.04040.02398    0.36073    0.33675     0.11997     1186     1186
-0.03063      0.00969       0.040320.02398    0.36073    0.33675     0.11974     1186     1186
-0.03063      0.00984       0.040480.02398    0.36088    0.3369     0.12014     1186     1186
-0.03063      0.01       0.040630.02398    0.36042    0.33644     0.12076     1186     1186
-0.03063      0.00954       0.040170.02398    0.36058    0.3366     0.11934     1186     1186
-0.03063      0.00984       0.040480.02398    0.36103    0.33705     0.12009     1186     1186
-0.03063      0.00969       0.040320.02398    0.36058    0.3366     0.1198     1186     1186
-0.03063      0.00977       0.04040.02398    0.35981    0.33583     0.1203     1186     1186
-0.03063      0.00977       0.04040.02398    0.36088    0.3369     0.11992     1186     1186
-0.03063      0.00977       0.04040.02398    0.36126    0.33728     0.11978     1186     1186
-0.03063      0.00984       0.040480.02398    0.36065    0.33667     0.12022     1186     1186
-0.03063      0.00962       0.040250.02398    0.36035    0.33637     0.11965     1186     1186
-0.03063      0.00977       0.04040.02398    0.36058    0.3366     0.12002     1186     1186
-0.03063      0.00992       0.040550.02398    0.36058    0.3366     0.12048     1186     1186
-0.03063      0.00969       0.040320.02398    0.36088    0.3369     0.11969     1186     1186
-0.03063      0.00969       0.040320.02398    0.36042    0.33644     0.11985     1186     1186
-0.03063      0.00969       0.040320.02398    0.3605    0.33652     0.11983     1186     1186
-0.03063      0.00962       0.040250.02398    0.36027    0.33629     0.11968     1186     1186
-0.03063      0.00984       0.040480.02398    0.35981    0.33583     0.12052     1186     1186
-0.03063      0.00969       0.040320.02398    0.36088    0.3369     0.11969     1186     1186
-0.03063      0.00977       0.04040.02398    0.36103    0.33705     0.11986     1186     1186
-0.03063      0.00969       0.040320.02398    0.36035    0.33637     0.11988     1186     1186
-0.03063      0.00954       0.040170.02398    0.36042    0.33644     0.1194     1186     1186
-0.03063      0.00977       0.04040.02398    0.3605    0.33652     0.12005     1186     1186
-0.03063      0.00977       0.04040.02398    0.36058    0.3366     0.12002     1186     1186
-0.03063      0.00954       0.040170.02398    0.35997    0.33599     0.11956     1186     1186
-0.03063      0.00954       0.040170.02398    0.36012    0.33614     0.11951     1186     1186
-0.03063      0.00954       0.040170.02398    0.35997    0.33599     0.11956     1186     1186
-0.03063      0.00962       0.040250.02398    0.36035    0.33637     0.11965     1186     1186
-0.03063      0.00984       0.040480.02398    0.36035    0.33637     0.12033     1186     1186
