  ---------- Measurements R  ---------- 
      Vzero [V]    Vmeas [V]    V [V]    Izero[mA]     Imeas [mA]      I [mA]         R0 [Ohm]      T1[Np]      T2[Np]  
-0.03061      0.06403       0.094640.02332    2.47947    2.45615     0.03853     1200     1199
-0.03061      0.07204       0.102650.02332    2.5    2.47668     0.04145     1200     1199
-0.03061      0.07219       0.10280.02332    2.5    2.47668     0.04151     1200     1199
-0.03061      0.07196       0.102570.02332    2.5    2.47668     0.04141     1200     1199
-0.03061      0.07219       0.10280.02332    2.5    2.47668     0.04151     1200     1199
-0.03061      0.07204       0.102650.02332    2.5    2.47668     0.04145     1200     1199
-0.03061      0.07219       0.10280.02332    2.5    2.47668     0.04151     1200     1199
-0.03061      0.07219       0.10280.02332    2.5    2.47668     0.04151     1200     1199
-0.03061      0.07196       0.102570.02332    2.5    2.47668     0.04141     1200     1199
-0.03061      0.07219       0.10280.02332    2.5    2.47668     0.04151     1200     1199
-0.03061      0.07212       0.102720.02332    2.5    2.47668     0.04148     1200     1199
-0.03061      0.07204       0.102650.02332    2.5    2.47668     0.04145     1200     1199
-0.03061      0.07212       0.102720.02332    2.5    2.47668     0.04148     1200     1199
-0.03061      0.07196       0.102570.02332    2.5    2.47668     0.04141     1200     1199
-0.03061      0.07212       0.102720.02332    2.5    2.47668     0.04148     1200     1199
-0.03061      0.07227       0.102880.02332    2.5    2.47668     0.04154     1200     1199
-0.03061      0.07219       0.10280.02332    2.5    2.47668     0.04151     1200     1199
-0.03061      0.07219       0.10280.02332    2.5    2.47668     0.04151     1200     1199
-0.03061      0.07219       0.10280.02332    2.5    2.47668     0.04151     1200     1199
-0.03061      0.07242       0.103030.02332    2.5    2.47668     0.0416     1200     1199
-0.03061      0.07212       0.102720.02332    2.5    2.47668     0.04148     1200     1199
-0.03061      0.07227       0.102880.02332    2.5    2.47668     0.04154     1200     1199
-0.03061      0.07204       0.102650.02332    2.5    2.47668     0.04145     1200     1199
-0.03061      0.07204       0.102650.02332    2.5    2.47668     0.04145     1200     1199
-0.03061      0.07242       0.103030.02332    2.5    2.47668     0.0416     1200     1199
-0.03061      0.07219       0.10280.02332    2.5    2.47668     0.04151     1200     1199
-0.03061      0.07227       0.102880.02332    2.5    2.47668     0.04154     1200     1199
-0.03061      0.07234       0.102950.02332    2.5    2.47668     0.04157     1200     1199
-0.03061      0.07212       0.102720.02332    2.5    2.47668     0.04148     1200     1199
-0.03061      0.07257       0.103180.02332    2.5    2.47668     0.04166     1200     1199
