  ---------- Measurements R  ---------- 
      Vzero [V]    Vmeas [V]    V [V]    Izero[mA]     Imeas [mA]      I [mA]         R0 [Ohm]      T1[Np]      T2[Np]  
-0.0309      -0.03098       -9e-050.02335    0.03472    0.01137     -0.00772     1196     1196
-0.0309      0.01473       0.045620.02335    0.58524    0.56189     0.0812     1196     1196
-0.0309      0.01549       0.046390.02335    0.58226    0.55892     0.08299     1196     1196
-0.0309      0.01526       0.046160.02335    0.58135    0.558     0.08272     1196     1196
-0.0309      0.01519       0.046080.02335    0.58089    0.55754     0.08265     1196     1196
-0.0309      0.01534       0.046230.02335    0.58051    0.55716     0.08298     1196     1196
-0.0309      0.01526       0.046160.02335    0.58059    0.55724     0.08283     1196     1196
-0.0309      0.01526       0.046160.02335    0.58028    0.55693     0.08288     1196     1196
-0.0309      0.01542       0.046310.02335    0.58082    0.55747     0.08307     1196     1196
-0.0309      0.01519       0.046080.02335    0.58005    0.5567     0.08278     1196     1196
-0.0309      0.01549       0.046390.02335    0.58005    0.5567     0.08332     1196     1196
-0.0309      0.01526       0.046160.02335    0.58013    0.55678     0.0829     1196     1196
-0.0309      0.01534       0.046230.02335    0.58028    0.55693     0.08302     1196     1196
-0.0309      0.01534       0.046230.02335    0.5799    0.55655     0.08307     1196     1196
-0.0309      0.01534       0.046230.02335    0.57982    0.55648     0.08308     1196     1196
-0.0309      0.01526       0.046160.02335    0.57998    0.55663     0.08292     1196     1196
-0.0309      0.01526       0.046160.02335    0.58074    0.55739     0.08281     1196     1196
-0.0309      0.01542       0.046310.02335    0.58005    0.5567     0.08319     1196     1196
-0.0309      0.01526       0.046160.02335    0.5802    0.55686     0.08289     1196     1196
-0.0309      0.01526       0.046160.02335    0.5799    0.55655     0.08294     1196     1196
-0.0309      0.01534       0.046230.02335    0.58005    0.5567     0.08305     1196     1196
-0.0309      0.01534       0.046230.02335    0.57952    0.55617     0.08313     1196     1196
-0.0309      0.01534       0.046230.02335    0.58005    0.5567     0.08305     1196     1196
-0.0309      0.01519       0.046080.02335    0.5799    0.55655     0.0828     1196     1196
-0.0309      0.01534       0.046230.02335    0.57967    0.55632     0.08311     1196     1196
-0.0309      0.01526       0.046160.02335    0.58013    0.55678     0.0829     1196     1196
-0.0309      0.01526       0.046160.02335    0.58028    0.55693     0.08288     1196     1196
-0.0309      0.01526       0.046160.02335    0.58013    0.55678     0.0829     1196     1196
-0.0309      0.01526       0.046160.02335    0.57929    0.55594     0.08303     1196     1196
-0.0309      0.01526       0.046160.02335    0.57937    0.55602     0.08301     1196     1196
