  ---------- Measurements R  ---------- 
      Vzero [V]    Vmeas [V]    V [V]    Izero[mA]     Imeas [mA]      I [mA]         R0 [Ohm]      T1[Np]      T2[Np]  
-0.03079      0.25259       0.283390.02328    2.5    2.47672     0.11442     1196     1195
-0.03079      -0.02953       0.001260.02328    0.03121    0.00793     0.15881     1196     1195
-0.03079      0.01023       0.041020.02328    0.4053    0.38201     0.10737     1196     1195
-0.03079      0.01038       0.041170.02328    0.39438    0.3711     0.11094     1196     1195
-0.03079      0.01076       0.041550.02328    0.39286    0.36957     0.11243     1196     1195
-0.03079      0.01076       0.041550.02328    0.39286    0.36957     0.11243     1196     1195
-0.03079      0.01053       0.041320.02328    0.3924    0.36912     0.11195     1196     1195
-0.03079      0.01061       0.04140.02328    0.39263    0.36935     0.11209     1196     1195
-0.03079      0.01053       0.041320.02328    0.39217    0.36889     0.11202     1196     1195
-0.03079      0.01076       0.041550.02328    0.39179    0.36851     0.11276     1196     1195
-0.03079      0.01061       0.04140.02328    0.39202    0.36873     0.11227     1196     1195
-0.03079      0.01053       0.041320.02328    0.39217    0.36889     0.11202     1196     1195
-0.03079      0.01053       0.041320.02328    0.39164    0.36835     0.11218     1196     1195
-0.03079      0.01053       0.041320.02328    0.39248    0.36919     0.11193     1196     1195
-0.03079      0.01053       0.041320.02328    0.39209    0.36881     0.11204     1196     1195
-0.03079      0.01061       0.04140.02328    0.39217    0.36889     0.11223     1196     1195
-0.03079      0.01061       0.04140.02328    0.39232    0.36904     0.11218     1196     1195
-0.03079      0.01084       0.041630.02328    0.39187    0.36858     0.11294     1196     1195
-0.03079      0.01061       0.04140.02328    0.39156    0.36828     0.11241     1196     1195
-0.03079      0.01053       0.041320.02328    0.39232    0.36904     0.11198     1196     1195
-0.03079      0.01045       0.041250.02328    0.3911    0.36782     0.11214     1196     1195
-0.03079      0.01045       0.041250.02328    0.39148    0.3682     0.11202     1196     1195
-0.03079      0.01045       0.041250.02328    0.39133    0.36805     0.11207     1196     1195
-0.03079      0.01061       0.04140.02328    0.3924    0.36912     0.11216     1196     1195
-0.03079      0.01053       0.041320.02328    0.39202    0.36873     0.11207     1196     1195
-0.03079      0.01076       0.041550.02328    0.39141    0.36812     0.11288     1196     1195
-0.03079      0.01068       0.041480.02328    0.39171    0.36843     0.11257     1196     1195
-0.03079      0.01068       0.041480.02328    0.39156    0.36828     0.11262     1196     1195
-0.03079      0.01061       0.04140.02328    0.39156    0.36828     0.11241     1196     1195
-0.03079      0.01053       0.041320.02328    0.39125    0.36797     0.1123     1196     1195
