  ---------- Measurements R  ---------- 
      Vzero [V]    Vmeas [V]    V [V]    Izero[mA]     Imeas [mA]      I [mA]         R0 [Ohm]      T1[Np]      T2[Np]  
-0.03027      0.04831       0.078580.02337    1.8679    1.84454     0.0426     1198     1198
-0.03027      0.04915       0.079410.02337    1.87233    1.84896     0.04295     1198     1198
-0.03027      0.0493       0.079570.02337    1.86928    1.84591     0.0431     1198     1198
-0.03027      0.04907       0.079340.02337    1.86912    1.84576     0.04298     1198     1198
-0.03027      0.04892       0.079190.02337    1.86897    1.8456     0.04291     1198     1198
-0.03027      0.04937       0.079640.02337    1.86767    1.84431     0.04318     1198     1198
-0.03027      0.04907       0.079340.02337    1.86752    1.84415     0.04302     1198     1198
-0.03027      0.04915       0.079410.02337    1.86714    1.84377     0.04307     1198     1198
-0.03027      0.04907       0.079340.02337    1.86706    1.8437     0.04303     1198     1198
-0.03027      0.04922       0.079490.02337    1.86767    1.84431     0.0431     1198     1198
-0.03027      0.04899       0.079260.02337    1.86745    1.84408     0.04298     1198     1198
-0.03027      0.04915       0.079410.02337    1.86676    1.84339     0.04308     1198     1198
-0.03027      0.04915       0.079410.02337    1.86661    1.84324     0.04308     1198     1198
-0.03027      0.04899       0.079260.02337    1.86668    1.84332     0.043     1198     1198
-0.03027      0.04953       0.07980.02337    1.8676    1.84423     0.04327     1198     1198
-0.03027      0.04907       0.079340.02337    1.86645    1.84309     0.04305     1198     1198
-0.03027      0.04899       0.079260.02337    1.86745    1.84408     0.04298     1198     1198
-0.03027      0.0493       0.079570.02337    1.86699    1.84362     0.04316     1198     1198
-0.03027      0.04937       0.079640.02337    1.86752    1.84415     0.04319     1198     1198
-0.03027      0.04915       0.079410.02337    1.86699    1.84362     0.04308     1198     1198
-0.03027      0.04953       0.07980.02337    1.86737    1.844     0.04327     1198     1198
-0.03027      0.04907       0.079340.02337    1.86691    1.84354     0.04304     1198     1198
-0.03027      0.04915       0.079410.02337    1.86706    1.8437     0.04307     1198     1198
-0.03027      0.04907       0.079340.02337    1.86691    1.84354     0.04304     1198     1198
-0.03027      0.04922       0.079490.02337    1.86706    1.8437     0.04312     1198     1198
-0.03027      0.04907       0.079340.02337    1.86798    1.84461     0.04301     1198     1198
-0.03027      0.04915       0.079410.02337    1.86737    1.844     0.04307     1198     1198
-0.03027      0.04945       0.079720.02337    1.86676    1.84339     0.04325     1198     1198
-0.03027      0.04922       0.079490.02337    1.86706    1.8437     0.04312     1198     1198
-0.03027      0.04915       0.079410.02337    1.86737    1.844     0.04307     1198     1198
