  ---------- Measurements R  ---------- 
      Vzero [V]    Vmeas [V]    V [V]    Izero[mA]     Imeas [mA]      I [mA]         R0 [Ohm]      T1[Np]      T2[Np]  
-0.03065      0.25359       0.284240.02339    2.5    2.47661     0.11477     1196     1195
-0.03065      -0.02976       0.000890.02339    0.03167    0.00828     0.10737     1196     1195
-0.03065      0.01358       0.044230.02339    0.52404    0.50065     0.08835     1196     1195
-0.03065      0.01381       0.044460.02339    0.52228    0.49889     0.08912     1196     1195
-0.03065      0.01412       0.044770.02339    0.52221    0.49882     0.08975     1196     1195
-0.03065      0.01404       0.044690.02339    0.52106    0.49767     0.0898     1196     1195
-0.03065      0.01404       0.044690.02339    0.52106    0.49767     0.0898     1196     1195
-0.03065      0.01381       0.044460.02339    0.52068    0.49729     0.08941     1196     1195
-0.03065      0.01366       0.044310.02339    0.51992    0.49653     0.08924     1196     1195
-0.03065      0.01381       0.044460.02339    0.52038    0.49699     0.08947     1196     1195
-0.03065      0.01374       0.044390.02339    0.52045    0.49706     0.0893     1196     1195
-0.03065      0.01389       0.044540.02339    0.52007    0.49668     0.08968     1196     1195
-0.03065      0.01381       0.044460.02339    0.51954    0.49615     0.08962     1196     1195
-0.03065      0.01381       0.044460.02339    0.51984    0.49645     0.08956     1196     1195
-0.03065      0.01381       0.044460.02339    0.5203    0.49691     0.08948     1196     1195
-0.03065      0.01381       0.044460.02339    0.52007    0.49668     0.08952     1196     1195
-0.03065      0.01389       0.044540.02339    0.52022    0.49683     0.08965     1196     1195
-0.03065      0.01389       0.044540.02339    0.51938    0.49599     0.0898     1196     1195
-0.03065      0.01381       0.044460.02339    0.51976    0.49638     0.08958     1196     1195
-0.03065      0.01381       0.044460.02339    0.51969    0.4963     0.08959     1196     1195
-0.03065      0.01366       0.044310.02339    0.51954    0.49615     0.08931     1196     1195
-0.03065      0.01389       0.044540.02339    0.51954    0.49615     0.08977     1196     1195
-0.03065      0.01389       0.044540.02339    0.51961    0.49622     0.08976     1196     1195
-0.03065      0.01374       0.044390.02339    0.51984    0.49645     0.08941     1196     1195
-0.03065      0.01374       0.044390.02339    0.51969    0.4963     0.08944     1196     1195
-0.03065      0.01374       0.044390.02339    0.51969    0.4963     0.08944     1196     1195
-0.03065      0.01389       0.044540.02339    0.51984    0.49645     0.08972     1196     1195
-0.03065      0.01389       0.044540.02339    0.51969    0.4963     0.08974     1196     1195
-0.03065      0.01389       0.044540.02339    0.52045    0.49706     0.08961     1196     1195
-0.03065      0.01366       0.044310.02339    0.51931    0.49592     0.08935     1196     1195
