  ---------- Measurements R  ---------- 
      Vzero [V]    Vmeas [V]    V [V]    Izero[mA]     Imeas [mA]      I [mA]         R0 [Ohm]      T1[Np]      T2[Np]  
-0.03045      0.23886       0.269310.02323    2.5    2.47677     0.10873     1200     1199
-0.03045      0.0773       0.107760.02323    2.5    2.47677     0.04351     1200     1199
-0.03045      0.07723       0.107680.02323    2.5    2.47677     0.04348     1200     1199
-0.03045      0.0773       0.107760.02323    2.5    2.47677     0.04351     1200     1199
-0.03045      0.07708       0.107530.02323    2.5    2.47677     0.04341     1200     1199
-0.03045      0.07715       0.10760.02323    2.5    2.47677     0.04345     1200     1199
-0.03045      0.07723       0.107680.02323    2.5    2.47677     0.04348     1200     1199
-0.03045      0.07715       0.10760.02323    2.5    2.47677     0.04345     1200     1199
-0.03045      0.07715       0.10760.02323    2.5    2.47677     0.04345     1200     1199
-0.03045      0.07715       0.10760.02323    2.5    2.47677     0.04345     1200     1199
-0.03045      0.0773       0.107760.02323    2.5    2.47677     0.04351     1200     1199
-0.03045      0.07692       0.107380.02323    2.5    2.47677     0.04335     1200     1199
-0.03045      0.0773       0.107760.02323    2.5    2.47677     0.04351     1200     1199
-0.03045      0.07761       0.108060.02323    2.5    2.47677     0.04363     1200     1199
-0.03045      0.07753       0.107990.02323    2.5    2.47677     0.0436     1200     1199
-0.03045      0.07746       0.107910.02323    2.5    2.47677     0.04357     1200     1199
-0.03045      0.07738       0.107830.02323    2.5    2.47677     0.04354     1200     1199
-0.03045      0.07761       0.108060.02323    2.5    2.47677     0.04363     1200     1199
-0.03045      0.07723       0.107680.02323    2.5    2.47677     0.04348     1200     1199
-0.03045      0.07753       0.107990.02323    2.5    2.47677     0.0436     1200     1199
-0.03045      0.07746       0.107910.02323    2.5    2.47677     0.04357     1200     1199
-0.03045      0.07746       0.107910.02323    2.5    2.47677     0.04357     1200     1199
-0.03045      0.07753       0.107990.02323    2.5    2.47677     0.0436     1200     1199
-0.03045      0.07753       0.107990.02323    2.5    2.47677     0.0436     1200     1199
-0.03045      0.07738       0.107830.02323    2.5    2.47677     0.04354     1200     1199
-0.03045      0.07769       0.108140.02323    2.5    2.47677     0.04366     1200     1199
-0.03045      0.07769       0.108140.02323    2.5    2.47677     0.04366     1200     1199
-0.03045      0.07761       0.108060.02323    2.5    2.47677     0.04363     1200     1199
-0.03045      0.0773       0.107760.02323    2.5    2.47677     0.04351     1200     1199
-0.03045      0.07753       0.107990.02323    2.5    2.47677     0.0436     1200     1199
