  ---------- Measurements R  ---------- 
      Vzero [V]    Vmeas [V]    V [V]    Izero[mA]     Imeas [mA]      I [mA]         R0 [Ohm]      T1[Np]      T2[Np]  
-0.03055      0.25076       0.281310.02339    2.5    2.47661     0.11359     1198     1197
-0.03055      0.03411       0.064660.02339    1.29853    1.27515     0.05071     1198     1197
-0.03055      0.03404       0.064580.02339    1.2948    1.27141     0.0508     1198     1197
-0.03055      0.03404       0.064580.02339    1.29357    1.27019     0.05085     1198     1197
-0.03055      0.03411       0.064660.02339    1.29258    1.2692     0.05095     1198     1197
-0.03055      0.03411       0.064660.02339    1.29266    1.26927     0.05094     1198     1197
-0.03055      0.03419       0.064740.02339    1.29228    1.26889     0.05102     1198     1197
-0.03055      0.03411       0.064660.02339    1.29121    1.26782     0.051     1198     1197
-0.03055      0.03396       0.064510.02339    1.29136    1.26798     0.05087     1198     1197
-0.03055      0.03404       0.064580.02339    1.29144    1.26805     0.05093     1198     1197
-0.03055      0.03411       0.064660.02339    1.29129    1.2679     0.051     1198     1197
-0.03055      0.03404       0.064580.02339    1.29151    1.26813     0.05093     1198     1197
-0.03055      0.03426       0.064810.02339    1.29121    1.26782     0.05112     1198     1197
-0.03055      0.03411       0.064660.02339    1.29022    1.26683     0.05104     1198     1197
-0.03055      0.03404       0.064580.02339    1.29121    1.26782     0.05094     1198     1197
-0.03055      0.03411       0.064660.02339    1.29212    1.26874     0.05096     1198     1197
-0.03055      0.03419       0.064740.02339    1.29136    1.26798     0.05105     1198     1197
-0.03055      0.03411       0.064660.02339    1.29098    1.26759     0.05101     1198     1197
-0.03055      0.03404       0.064580.02339    1.29129    1.2679     0.05094     1198     1197
-0.03055      0.03396       0.064510.02339    1.29121    1.26782     0.05088     1198     1197
-0.03055      0.03411       0.064660.02339    1.29075    1.26736     0.05102     1198     1197
-0.03055      0.03411       0.064660.02339    1.29167    1.26828     0.05098     1198     1197
-0.03055      0.03419       0.064740.02339    1.29098    1.26759     0.05107     1198     1197
-0.03055      0.03411       0.064660.02339    1.29212    1.26874     0.05096     1198     1197
-0.03055      0.03411       0.064660.02339    1.29151    1.26813     0.05099     1198     1197
-0.03055      0.03404       0.064580.02339    1.29067    1.26729     0.05096     1198     1197
-0.03055      0.03411       0.064660.02339    1.29067    1.26729     0.05102     1198     1197
-0.03055      0.03396       0.064510.02339    1.29098    1.26759     0.05089     1198     1197
-0.03055      0.03404       0.064580.02339    1.29083    1.26744     0.05096     1198     1197
-0.03055      0.03411       0.064660.02339    1.29067    1.26729     0.05102     1198     1197
