  ---------- Measurements R  ---------- 
      Vzero [V]    Vmeas [V]    V [V]    Izero[mA]     Imeas [mA]      I [mA]         R0 [Ohm]      T1[Np]      T2[Np]  
-0.0302      -0.03022       -2e-050.02326    0.04747    0.0242     -0.00095     1197     1197
-0.0302      0.02152       0.051720.02326    0.85104    0.82777     0.06248     1197     1197
-0.0302      0.02183       0.052020.02326    0.84783    0.82457     0.06309     1197     1197
-0.0302      0.02198       0.052170.02326    0.84646    0.8232     0.06338     1197     1197
-0.0302      0.02221       0.05240.02326    0.84585    0.82258     0.06371     1197     1197
-0.0302      0.02213       0.052330.02326    0.84562    0.82236     0.06363     1197     1197
-0.0302      0.02213       0.052330.02326    0.84501    0.82175     0.06368     1197     1197
-0.0302      0.02198       0.052170.02326    0.84516    0.8219     0.06348     1197     1197
-0.0302      0.02198       0.052170.02326    0.84509    0.82182     0.06349     1197     1197
-0.0302      0.0219       0.05210.02326    0.84501    0.82175     0.0634     1197     1197
-0.0302      0.02213       0.052330.02326    0.84585    0.82258     0.06361     1197     1197
-0.0302      0.02205       0.052250.02326    0.84478    0.82152     0.0636     1197     1197
-0.0302      0.0219       0.05210.02326    0.84486    0.82159     0.06341     1197     1197
-0.0302      0.02198       0.052170.02326    0.84486    0.82159     0.0635     1197     1197
-0.0302      0.02213       0.052330.02326    0.84501    0.82175     0.06368     1197     1197
-0.0302      0.02213       0.052330.02326    0.84486    0.82159     0.06369     1197     1197
-0.0302      0.02183       0.052020.02326    0.8447    0.82144     0.06333     1197     1197
-0.0302      0.0219       0.05210.02326    0.84493    0.82167     0.06341     1197     1197
-0.0302      0.0219       0.05210.02326    0.84463    0.82136     0.06343     1197     1197
-0.0302      0.02205       0.052250.02326    0.8444    0.82113     0.06363     1197     1197
-0.0302      0.02198       0.052170.02326    0.84501    0.82175     0.06349     1197     1197
-0.0302      0.02198       0.052170.02326    0.84493    0.82167     0.0635     1197     1197
-0.0302      0.02183       0.052020.02326    0.84425    0.82098     0.06337     1197     1197
-0.0302      0.02183       0.052020.02326    0.84432    0.82106     0.06336     1197     1197
-0.0302      0.02205       0.052250.02326    0.8447    0.82144     0.06361     1197     1197
-0.0302      0.02205       0.052250.02326    0.84509    0.82182     0.06358     1197     1197
-0.0302      0.02213       0.052330.02326    0.84516    0.8219     0.06367     1197     1197
-0.0302      0.02221       0.05240.02326    0.84501    0.82175     0.06377     1197     1197
-0.0302      0.0219       0.05210.02326    0.84516    0.8219     0.06339     1197     1197
-0.0302      0.02213       0.052330.02326    0.84524    0.82197     0.06366     1197     1197
