  ---------- Measurements R  ---------- 
      Vzero [V]    Vmeas [V]    V [V]    Izero[mA]     Imeas [mA]      I [mA]         R0 [Ohm]      T1[Np]      T2[Np]  
-0.03099      0.00824       0.039240.02335    0.3544    0.33104     0.11852     1195     1195
-0.03099      -0.03037       0.000620.02335    0.03297    0.00962     0.06468     1195     1195
-0.03099      0.01053       0.041530.02335    0.41598    0.39263     0.10576     1195     1195
-0.03099      0.01107       0.042060.02335    0.41339    0.39003     0.10784     1195     1195
-0.03099      0.01107       0.042060.02335    0.41285    0.3895     0.10798     1195     1195
-0.03099      0.01107       0.042060.02335    0.41255    0.38919     0.10807     1195     1195
-0.03099      0.01129       0.042290.02335    0.41186    0.38851     0.10885     1195     1195
-0.03099      0.01107       0.042060.02335    0.41262    0.38927     0.10805     1195     1195
-0.03099      0.01107       0.042060.02335    0.41255    0.38919     0.10807     1195     1195
-0.03099      0.01122       0.042210.02335    0.41194    0.38858     0.10863     1195     1195
-0.03099      0.01107       0.042060.02335    0.41163    0.38828     0.10832     1195     1195
-0.03099      0.01091       0.041910.02335    0.41239    0.38904     0.10772     1195     1195
-0.03099      0.01122       0.042210.02335    0.41239    0.38904     0.1085     1195     1195
-0.03099      0.01114       0.042140.02335    0.41194    0.38858     0.10843     1195     1195
-0.03099      0.01114       0.042140.02335    0.41171    0.38835     0.1085     1195     1195
-0.03099      0.01129       0.042290.02335    0.41148    0.38813     0.10896     1195     1195
-0.03099      0.01137       0.042360.02335    0.41171    0.38835     0.10909     1195     1195
-0.03099      0.01107       0.042060.02335    0.41155    0.3882     0.10834     1195     1195
-0.03099      0.01107       0.042060.02335    0.41201    0.38866     0.10822     1195     1195
-0.03099      0.01076       0.041750.02335    0.41201    0.38866     0.10743     1195     1195
-0.03099      0.01129       0.042290.02335    0.41239    0.38904     0.1087     1195     1195
-0.03099      0.01107       0.042060.02335    0.41178    0.38843     0.10828     1195     1195
-0.03099      0.01099       0.041980.02335    0.41132    0.38797     0.10821     1195     1195
-0.03099      0.01099       0.041980.02335    0.41163    0.38828     0.10813     1195     1195
-0.03099      0.01084       0.041830.02335    0.41171    0.38835     0.10771     1195     1195
-0.03099      0.01114       0.042140.02335    0.41194    0.38858     0.10843     1195     1195
-0.03099      0.01099       0.041980.02335    0.41178    0.38843     0.10808     1195     1195
-0.03099      0.01099       0.041980.02335    0.41194    0.38858     0.10804     1195     1195
-0.03099      0.01099       0.041980.02335    0.41178    0.38843     0.10808     1195     1195
-0.03099      0.01114       0.042140.02335    0.41178    0.38843     0.10848     1195     1195
