  ---------- Measurements R  ---------- 
      Vzero [V]    Vmeas [V]    V [V]    Izero[mA]     Imeas [mA]      I [mA]         R0 [Ohm]      T1[Np]      T2[Np]  
-0.03084      -0.03098       -0.000140.02347    0.04167    0.0182     -0.00776     1195     1195
-0.03084      -0.03114       -0.000290.02347    0.03556    0.01209     -0.0243     1195     1195
-0.03084      0.00916       0.040.02347    0.36111    0.33764     0.11847     1195     1195
-0.03084      0.00984       0.040690.02347    0.35928    0.33581     0.12116     1195     1195
-0.03084      0.00992       0.040760.02347    0.35951    0.33604     0.1213     1195     1195
-0.03084      0.00984       0.040690.02347    0.35905    0.33558     0.12124     1195     1195
-0.03084      0.00969       0.040530.02347    0.35821    0.33474     0.12109     1195     1195
-0.03084      0.00946       0.04030.02347    0.35859    0.33512     0.12027     1195     1195
-0.03084      0.00977       0.040610.02347    0.3592    0.33573     0.12096     1195     1195
-0.03084      0.00939       0.040230.02347    0.35905    0.33558     0.11988     1195     1195
-0.03084      0.00984       0.040690.02347    0.35821    0.33474     0.12154     1195     1195
-0.03084      0.00962       0.040460.02347    0.35905    0.33558     0.12056     1195     1195
-0.03084      0.00962       0.040460.02347    0.35867    0.3352     0.1207     1195     1195
-0.03084      0.00977       0.040610.02347    0.3589    0.33543     0.12107     1195     1195
-0.03084      0.00992       0.040760.02347    0.35783    0.33436     0.12191     1195     1195
-0.03084      0.00954       0.040380.02347    0.35806    0.33459     0.12069     1195     1195
-0.03084      0.00946       0.04030.02347    0.35791    0.33444     0.12051     1195     1195
-0.03084      0.00977       0.040610.02347    0.35882    0.33535     0.1211     1195     1195
-0.03084      0.00984       0.040690.02347    0.35821    0.33474     0.12154     1195     1195
-0.03084      0.00969       0.040530.02347    0.35844    0.33497     0.12101     1195     1195
-0.03084      0.00984       0.040690.02347    0.35798    0.33451     0.12163     1195     1195
-0.03084      0.00977       0.040610.02347    0.35829    0.33482     0.12129     1195     1195
-0.03084      0.00962       0.040460.02347    0.35806    0.33459     0.12092     1195     1195
-0.03084      0.00984       0.040690.02347    0.35806    0.33459     0.1216     1195     1195
-0.03084      0.00962       0.040460.02347    0.35829    0.33482     0.12083     1195     1195
-0.03084      0.00977       0.040610.02347    0.35852    0.33505     0.12121     1195     1195
-0.03084      0.00969       0.040530.02347    0.35836    0.33489     0.12103     1195     1195
-0.03084      0.00962       0.040460.02347    0.35813    0.33466     0.12089     1195     1195
-0.03084      0.00946       0.04030.02347    0.35775    0.33428     0.12057     1195     1195
-0.03084      0.00954       0.040380.02347    0.35821    0.33474     0.12063     1195     1195
