  ---------- Measurements R  ---------- 
      Vzero [V]    Vmeas [V]    V [V]    Izero[mA]     Imeas [mA]      I [mA]         R0 [Ohm]      T1[Np]      T2[Np]  
-0.0304      0.02587       0.056270.02333    1.00916    0.98583     0.05707     1197     1197
-0.0304      0.02534       0.055730.02333    0.96253    0.9392     0.05934     1197     1197
-0.0304      0.02526       0.055650.02333    0.96146    0.93813     0.05932     1197     1197
-0.0304      0.02488       0.055270.02333    0.96078    0.93745     0.05896     1197     1197
-0.0304      0.02511       0.05550.02333    0.95963    0.9363     0.05928     1197     1197
-0.0304      0.02526       0.055650.02333    0.96009    0.93676     0.05941     1197     1197
-0.0304      0.02518       0.055580.02333    0.96009    0.93676     0.05933     1197     1197
-0.0304      0.02526       0.055650.02333    0.9594    0.93607     0.05946     1197     1197
-0.0304      0.02534       0.055730.02333    0.95971    0.93638     0.05952     1197     1197
-0.0304      0.02526       0.055650.02333    0.95925    0.93592     0.05947     1197     1197
-0.0304      0.02503       0.055430.02333    0.95986    0.93653     0.05918     1197     1197
-0.0304      0.02526       0.055650.02333    0.95902    0.93569     0.05948     1197     1197
-0.0304      0.02518       0.055580.02333    0.95933    0.936     0.05938     1197     1197
-0.0304      0.02518       0.055580.02333    0.95887    0.93554     0.05941     1197     1197
-0.0304      0.02541       0.055810.02333    0.95948    0.93615     0.05961     1197     1197
-0.0304      0.02518       0.055580.02333    0.9594    0.93607     0.05937     1197     1197
-0.0304      0.02526       0.055650.02333    0.95933    0.936     0.05946     1197     1197
-0.0304      0.02534       0.055730.02333    0.95963    0.9363     0.05952     1197     1197
-0.0304      0.02503       0.055430.02333    0.95986    0.93653     0.05918     1197     1197
-0.0304      0.02518       0.055580.02333    0.95925    0.93592     0.05938     1197     1197
-0.0304      0.02534       0.055730.02333    0.9594    0.93607     0.05954     1197     1197
-0.0304      0.02534       0.055730.02333    0.95948    0.93615     0.05953     1197     1197
-0.0304      0.02541       0.055810.02333    0.95933    0.936     0.05962     1197     1197
-0.0304      0.02511       0.05550.02333    0.9591    0.93577     0.05931     1197     1197
-0.0304      0.02503       0.055430.02333    0.95902    0.93569     0.05924     1197     1197
-0.0304      0.02534       0.055730.02333    0.95925    0.93592     0.05955     1197     1197
-0.0304      0.02526       0.055650.02333    0.9594    0.93607     0.05946     1197     1197
-0.0304      0.02526       0.055650.02333    0.95925    0.93592     0.05947     1197     1197
-0.0304      0.02526       0.055650.02333    0.95963    0.9363     0.05944     1197     1197
-0.0304      0.02518       0.055580.02333    0.95902    0.93569     0.0594     1197     1197
