  ---------- Measurements R  ---------- 
      Vzero [V]    Vmeas [V]    V [V]    Izero[mA]     Imeas [mA]      I [mA]         R0 [Ohm]      T1[Np]      T2[Np]  
-0.0307      -0.03037       0.000330.0234    0.04205    0.01865     0.0178     1195     1195
-0.0307      -0.02854       0.002160.0234    0.11462    0.09122     0.02372     1195     1195
-0.0307      0.00969       0.04040.0234    0.37431    0.35092     0.11512     1195     1195
-0.0307      0.00992       0.040630.0234    0.37294    0.34954     0.11622     1195     1195
-0.0307      0.01       0.04070.0234    0.37248    0.34908     0.11659     1195     1195
-0.0307      0.01007       0.040780.0234    0.37225    0.34886     0.11689     1195     1195
-0.0307      0.01007       0.040780.0234    0.37157    0.34817     0.11712     1195     1195
-0.0307      0.00984       0.040550.0234    0.37172    0.34832     0.11641     1195     1195
-0.0307      0.01007       0.040780.0234    0.37157    0.34817     0.11712     1195     1195
-0.0307      0.00977       0.040470.0234    0.37134    0.34794     0.11632     1195     1195
-0.0307      0.0103       0.041010.0234    0.37126    0.34786     0.11788     1195     1195
-0.0307      0.01       0.04070.0234    0.37103    0.34763     0.11708     1195     1195
-0.0307      0.00992       0.040630.0234    0.37111    0.34771     0.11684     1195     1195
-0.0307      0.01015       0.040850.0234    0.37149    0.34809     0.11737     1195     1195
-0.0307      0.01023       0.040930.0234    0.37126    0.34786     0.11766     1195     1195
-0.0307      0.00984       0.040550.0234    0.37111    0.34771     0.11662     1195     1195
-0.0307      0.01015       0.040850.0234    0.37073    0.34733     0.11762     1195     1195
-0.0307      0.00984       0.040550.0234    0.37149    0.34809     0.11649     1195     1195
-0.0307      0.00984       0.040550.0234    0.37103    0.34763     0.11664     1195     1195
-0.0307      0.00992       0.040630.0234    0.37103    0.34763     0.11686     1195     1195
-0.0307      0.01007       0.040780.0234    0.37088    0.34748     0.11735     1195     1195
-0.0307      0.00992       0.040630.0234    0.37111    0.34771     0.11684     1195     1195
-0.0307      0.00969       0.04040.0234    0.37157    0.34817     0.11602     1195     1195
-0.0307      0.01015       0.040850.0234    0.37118    0.34779     0.11747     1195     1195
-0.0307      0.00984       0.040550.0234    0.37118    0.34779     0.11659     1195     1195
-0.0307      0.01       0.04070.0234    0.37019    0.34679     0.11736     1195     1195
-0.0307      0.00992       0.040630.0234    0.37057    0.34718     0.11702     1195     1195
-0.0307      0.00984       0.040550.0234    0.37149    0.34809     0.11649     1195     1195
-0.0307      0.01023       0.040930.0234    0.37057    0.34718     0.11789     1195     1195
-0.0307      0.01015       0.040850.0234    0.3708    0.34741     0.1176     1195     1195
