  ---------- Measurements R  ---------- 
      Vzero [V]    Vmeas [V]    V [V]    Izero[mA]     Imeas [mA]      I [mA]         R0 [Ohm]      T1[Np]      T2[Np]  
-0.03044      -0.03007       0.000370.02331    0.05075    0.02743     0.01363     1197     1196
-0.03044      0.01862       0.049060.02331    0.73352    0.7102     0.06908     1197     1196
-0.03044      0.01908       0.049520.02331    0.73115    0.70784     0.06996     1197     1196
-0.03044      0.01908       0.049520.02331    0.73008    0.70677     0.07006     1197     1196
-0.03044      0.01893       0.049370.02331    0.72879    0.70547     0.06998     1197     1196
-0.03044      0.01893       0.049370.02331    0.72901    0.7057     0.06995     1197     1196
-0.03044      0.01923       0.049670.02331    0.72871    0.7054     0.07042     1197     1196
-0.03044      0.01931       0.049750.02331    0.72894    0.70562     0.0705     1197     1196
-0.03044      0.01931       0.049750.02331    0.72863    0.70532     0.07053     1197     1196
-0.03044      0.01931       0.049750.02331    0.72886    0.70555     0.07051     1197     1196
-0.03044      0.019       0.049440.02331    0.72856    0.70524     0.07011     1197     1196
-0.03044      0.019       0.049440.02331    0.72779    0.70448     0.07018     1197     1196
-0.03044      0.01931       0.049750.02331    0.7284    0.70509     0.07056     1197     1196
-0.03044      0.01915       0.04960.02331    0.72817    0.70486     0.07036     1197     1196
-0.03044      0.01915       0.04960.02331    0.7281    0.70478     0.07037     1197     1196
-0.03044      0.019       0.049440.02331    0.72848    0.70517     0.07012     1197     1196
-0.03044      0.01915       0.04960.02331    0.72779    0.70448     0.0704     1197     1196
-0.03044      0.019       0.049440.02331    0.72779    0.70448     0.07018     1197     1196
-0.03044      0.01931       0.049750.02331    0.72863    0.70532     0.07053     1197     1196
-0.03044      0.019       0.049440.02331    0.72787    0.70456     0.07018     1197     1196
-0.03044      0.01893       0.049370.02331    0.72863    0.70532     0.06999     1197     1196
-0.03044      0.01893       0.049370.02331    0.72787    0.70456     0.07007     1197     1196
-0.03044      0.01908       0.049520.02331    0.72817    0.70486     0.07025     1197     1196
-0.03044      0.01908       0.049520.02331    0.72795    0.70463     0.07028     1197     1196
-0.03044      0.01893       0.049370.02331    0.72871    0.7054     0.06998     1197     1196
-0.03044      0.01893       0.049370.02331    0.72756    0.70425     0.0701     1197     1196
-0.03044      0.01908       0.049520.02331    0.72779    0.70448     0.07029     1197     1196
-0.03044      0.019       0.049440.02331    0.72917    0.70585     0.07005     1197     1196
-0.03044      0.019       0.049440.02331    0.72871    0.7054     0.07009     1197     1196
-0.03044      0.019       0.049440.02331    0.72817    0.70486     0.07015     1197     1196
