  ---------- Measurements R  ---------- 
      Vzero [V]    Vmeas [V]    V [V]    Izero[mA]     Imeas [mA]      I [mA]         R0 [Ohm]      T1[Np]      T2[Np]  
-0.03034      -0.03014       0.00020.0231    0.06029    0.03719     0.00533     1197     1196
-0.03034      0.01633       0.046670.0231    0.65224    0.62915     0.07418     1197     1196
-0.03034      0.01641       0.046750.0231    0.63362    0.61053     0.07657     1197     1196
-0.03034      0.01656       0.04690.0231    0.6321    0.609     0.07701     1197     1196
-0.03034      0.01648       0.046830.0231    0.63179    0.6087     0.07693     1197     1196
-0.03034      0.01641       0.046750.0231    0.63133    0.60824     0.07686     1197     1196
-0.03034      0.01664       0.046980.0231    0.63065    0.60755     0.07732     1197     1196
-0.03034      0.01648       0.046830.0231    0.63103    0.60793     0.07702     1197     1196
-0.03034      0.01648       0.046830.0231    0.63118    0.60809     0.077     1197     1196
-0.03034      0.01648       0.046830.0231    0.63065    0.60755     0.07707     1197     1196
-0.03034      0.01633       0.046670.0231    0.63072    0.60763     0.07681     1197     1196
-0.03034      0.01656       0.04690.0231    0.6308    0.6077     0.07718     1197     1196
-0.03034      0.01664       0.046980.0231    0.63011    0.60702     0.07739     1197     1196
-0.03034      0.01641       0.046750.0231    0.63057    0.60747     0.07696     1197     1196
-0.03034      0.01633       0.046670.0231    0.63072    0.60763     0.07681     1197     1196
-0.03034      0.01633       0.046670.0231    0.63049    0.6074     0.07684     1197     1196
-0.03034      0.01648       0.046830.0231    0.63065    0.60755     0.07707     1197     1196
-0.03034      0.01671       0.047050.0231    0.63088    0.60778     0.07742     1197     1196
-0.03034      0.01648       0.046830.0231    0.63019    0.60709     0.07713     1197     1196
-0.03034      0.01641       0.046750.0231    0.63042    0.60732     0.07698     1197     1196
-0.03034      0.01648       0.046830.0231    0.63065    0.60755     0.07707     1197     1196
-0.03034      0.01633       0.046670.0231    0.63042    0.60732     0.07685     1197     1196
-0.03034      0.01648       0.046830.0231    0.63057    0.60747     0.07708     1197     1196
-0.03034      0.01641       0.046750.0231    0.62981    0.60671     0.07705     1197     1196
-0.03034      0.01641       0.046750.0231    0.63049    0.6074     0.07697     1197     1196
-0.03034      0.01656       0.04690.0231    0.63034    0.60725     0.07724     1197     1196
-0.03034      0.01656       0.04690.0231    0.63057    0.60747     0.07721     1197     1196
-0.03034      0.01641       0.046750.0231    0.63049    0.6074     0.07697     1197     1196
-0.03034      0.01625       0.04660.0231    0.63065    0.60755     0.0767     1197     1196
-0.03034      0.01648       0.046830.0231    0.63042    0.60732     0.0771     1197     1196
