  ---------- Measurements R  ---------- 
      Vzero [V]    Vmeas [V]    V [V]    Izero[mA]     Imeas [mA]      I [mA]         R0 [Ohm]      T1[Np]      T2[Np]  
-0.03028      0.06349       0.093770.02333    2.46184    2.43851     0.03845     1199     1199
-0.03028      0.06479       0.095070.02333    2.47154    2.4482     0.03883     1199     1199
-0.03028      0.06471       0.094990.02333    2.46864    2.4453     0.03885     1199     1199
-0.03028      0.06464       0.094910.02333    2.46894    2.44561     0.03881     1199     1199
-0.03028      0.06479       0.095070.02333    2.46726    2.44393     0.0389     1199     1199
-0.03028      0.06464       0.094910.02333    2.4668    2.44347     0.03884     1199     1199
-0.03028      0.06479       0.095070.02333    2.46825    2.44492     0.03888     1199     1199
-0.03028      0.06456       0.094840.02333    2.46741    2.44408     0.0388     1199     1199
-0.03028      0.06441       0.094680.02333    2.4668    2.44347     0.03875     1199     1199
-0.03028      0.06494       0.095220.02333    2.46658    2.44324     0.03897     1199     1199
-0.03028      0.06456       0.094840.02333    2.46734    2.44401     0.0388     1199     1199
-0.03028      0.06479       0.095070.02333    2.46719    2.44385     0.0389     1199     1199
-0.03028      0.06494       0.095220.02333    2.46734    2.44401     0.03896     1199     1199
-0.03028      0.06464       0.094910.02333    2.4668    2.44347     0.03884     1199     1199
-0.03028      0.06464       0.094910.02333    2.46673    2.4434     0.03885     1199     1199
-0.03028      0.06479       0.095070.02333    2.46696    2.44362     0.0389     1199     1199
-0.03028      0.06464       0.094910.02333    2.46627    2.44294     0.03885     1199     1199
-0.03028      0.06479       0.095070.02333    2.46734    2.44401     0.0389     1199     1199
-0.03028      0.06448       0.094760.02333    2.46696    2.44362     0.03878     1199     1199
-0.03028      0.06471       0.094990.02333    2.46764    2.44431     0.03886     1199     1199
-0.03028      0.06487       0.095140.02333    2.46589    2.44256     0.03895     1199     1199
-0.03028      0.06471       0.094990.02333    2.46665    2.44332     0.03888     1199     1199
-0.03028      0.06456       0.094840.02333    2.46734    2.44401     0.0388     1199     1199
-0.03028      0.06464       0.094910.02333    2.46764    2.44431     0.03883     1199     1199
-0.03028      0.06479       0.095070.02333    2.46688    2.44355     0.03891     1199     1199
-0.03028      0.06471       0.094990.02333    2.46719    2.44385     0.03887     1199     1199
-0.03028      0.06464       0.094910.02333    2.46635    2.44301     0.03885     1199     1199
-0.03028      0.06479       0.095070.02333    2.46696    2.44362     0.0389     1199     1199
-0.03028      0.06487       0.095140.02333    2.46665    2.44332     0.03894     1199     1199
-0.03028      0.06471       0.094990.02333    2.46741    2.44408     0.03887     1199     1199
