  ---------- Measurements R  ---------- 
      Vzero [V]    Vmeas [V]    V [V]    Izero[mA]     Imeas [mA]      I [mA]         R0 [Ohm]      T1[Np]      T2[Np]  
-0.03033      0.04586       0.076190.02341    1.76778    1.74437     0.04368     1198     1198
-0.03033      0.04686       0.077180.02341    1.77183    1.74842     0.04414     1198     1198
-0.03033      0.04693       0.077260.02341    1.769    1.74559     0.04426     1198     1198
-0.03033      0.0464       0.076720.02341    1.76969    1.74628     0.04394     1198     1198
-0.03033      0.04686       0.077180.02341    1.76786    1.74445     0.04424     1198     1198
-0.03033      0.04686       0.077180.02341    1.76847    1.74506     0.04423     1198     1198
-0.03033      0.04647       0.07680.02341    1.76725    1.74384     0.04404     1198     1198
-0.03033      0.04655       0.076880.02341    1.76755    1.74414     0.04408     1198     1198
-0.03033      0.04663       0.076950.02341    1.76679    1.74338     0.04414     1198     1198
-0.03033      0.0464       0.076720.02341    1.76725    1.74384     0.044     1198     1198
-0.03033      0.0467       0.077030.02341    1.76816    1.74475     0.04415     1198     1198
-0.03033      0.04678       0.077110.02341    1.76755    1.74414     0.04421     1198     1198
-0.03033      0.04647       0.07680.02341    1.76671    1.7433     0.04405     1198     1198
-0.03033      0.04655       0.076880.02341    1.76694    1.74353     0.04409     1198     1198
-0.03033      0.04693       0.077260.02341    1.76755    1.74414     0.0443     1198     1198
-0.03033      0.04663       0.076950.02341    1.76801    1.7446     0.04411     1198     1198
-0.03033      0.0467       0.077030.02341    1.76763    1.74422     0.04416     1198     1198
-0.03033      0.0467       0.077030.02341    1.76694    1.74353     0.04418     1198     1198
-0.03033      0.04663       0.076950.02341    1.76709    1.74369     0.04413     1198     1198
-0.03033      0.04693       0.077260.02341    1.76664    1.74323     0.04432     1198     1198
-0.03033      0.04678       0.077110.02341    1.76717    1.74376     0.04422     1198     1198
-0.03033      0.04678       0.077110.02341    1.76694    1.74353     0.04422     1198     1198
-0.03033      0.04632       0.076650.02341    1.76755    1.74414     0.04395     1198     1198
-0.03033      0.04693       0.077260.02341    1.76694    1.74353     0.04431     1198     1198
-0.03033      0.04655       0.076880.02341    1.76725    1.74384     0.04409     1198     1198
-0.03033      0.04678       0.077110.02341    1.7677    1.7443     0.0442     1198     1198
-0.03033      0.04693       0.077260.02341    1.76709    1.74369     0.04431     1198     1198
-0.03033      0.0467       0.077030.02341    1.76694    1.74353     0.04418     1198     1198
-0.03033      0.0467       0.077030.02341    1.76679    1.74338     0.04418     1198     1198
-0.03033      0.04678       0.077110.02341    1.7674    1.74399     0.04421     1198     1198
