  ---------- Measurements R  ---------- 
      Vzero [V]    Vmeas [V]    V [V]    Izero[mA]     Imeas [mA]      I [mA]         R0 [Ohm]      T1[Np]      T2[Np]  
-0.03035      0.24641       0.276760.02321    2.5    2.47679     0.11174     1198     1197
-0.03035      0.03197       0.062320.02321    1.2007    1.17749     0.05293     1198     1197
-0.03035      0.03159       0.061940.02321    1.19597    1.17276     0.05282     1198     1197
-0.03035      0.03129       0.061640.02321    1.19391    1.1707     0.05265     1198     1197
-0.03035      0.03129       0.061640.02321    1.19277    1.16956     0.0527     1198     1197
-0.03035      0.03136       0.061710.02321    1.19216    1.16894     0.05279     1198     1197
-0.03035      0.03129       0.061640.02321    1.19376    1.17055     0.05266     1198     1197
-0.03035      0.03129       0.061640.02321    1.192    1.16879     0.05274     1198     1197
-0.03035      0.03129       0.061640.02321    1.19177    1.16856     0.05275     1198     1197
-0.03035      0.03121       0.061560.02321    1.19223    1.16902     0.05266     1198     1197
-0.03035      0.03144       0.061790.02321    1.19124    1.16803     0.0529     1198     1197
-0.03035      0.03136       0.061710.02321    1.1917    1.16849     0.05282     1198     1197
-0.03035      0.03136       0.061710.02321    1.19154    1.16833     0.05282     1198     1197
-0.03035      0.03121       0.061560.02321    1.19139    1.16818     0.0527     1198     1197
-0.03035      0.03144       0.061790.02321    1.1917    1.16849     0.05288     1198     1197
-0.03035      0.03129       0.061640.02321    1.19116    1.16795     0.05277     1198     1197
-0.03035      0.03114       0.061490.02321    1.19147    1.16826     0.05263     1198     1197
-0.03035      0.03121       0.061560.02321    1.19139    1.16818     0.0527     1198     1197
-0.03035      0.03152       0.061870.02321    1.19223    1.16902     0.05292     1198     1197
-0.03035      0.03136       0.061710.02321    1.19116    1.16795     0.05284     1198     1197
-0.03035      0.03136       0.061710.02321    1.19216    1.16894     0.05279     1198     1197
-0.03035      0.03167       0.062020.02321    1.19124    1.16803     0.0531     1198     1197
-0.03035      0.03144       0.061790.02321    1.19132    1.16811     0.0529     1198     1197
-0.03035      0.03121       0.061560.02321    1.19162    1.16841     0.05269     1198     1197
-0.03035      0.03152       0.061870.02321    1.19132    1.16811     0.05296     1198     1197
-0.03035      0.03136       0.061710.02321    1.19109    1.16788     0.05284     1198     1197
-0.03035      0.03136       0.061710.02321    1.192    1.16879     0.0528     1198     1197
-0.03035      0.03129       0.061640.02321    1.19147    1.16826     0.05276     1198     1197
-0.03035      0.03136       0.061710.02321    1.19223    1.16902     0.05279     1198     1197
-0.03035      0.03136       0.061710.02321    1.19109    1.16788     0.05284     1198     1197
