  ---------- Measurements R  ---------- 
      Vzero [V]    Vmeas [V]    V [V]    Izero[mA]     Imeas [mA]      I [mA]         R0 [Ohm]      T1[Np]      T2[Np]  
-0.03028      0.00267       0.032950.02325    0.12706    0.10381     0.31738     1197     1196
-0.03028      0.01908       0.049360.02325    0.72268    0.69943     0.07056     1197     1196
-0.03028      0.01839       0.048670.02325    0.69582    0.67257     0.07236     1197     1196
-0.03028      0.01816       0.048440.02325    0.69422    0.67097     0.07219     1197     1196
-0.03028      0.01832       0.048590.02325    0.69299    0.66975     0.07255     1197     1196
-0.03028      0.01824       0.048520.02325    0.69361    0.67036     0.07237     1197     1196
-0.03028      0.01809       0.048360.02325    0.69299    0.66975     0.07221     1197     1196
-0.03028      0.01816       0.048440.02325    0.69277    0.66952     0.07235     1197     1196
-0.03028      0.01816       0.048440.02325    0.6933    0.67005     0.07229     1197     1196
-0.03028      0.01824       0.048520.02325    0.69254    0.66929     0.07249     1197     1196
-0.03028      0.01824       0.048520.02325    0.69238    0.66914     0.07251     1197     1196
-0.03028      0.01824       0.048520.02325    0.69193    0.66868     0.07255     1197     1196
-0.03028      0.01816       0.048440.02325    0.69277    0.66952     0.07235     1197     1196
-0.03028      0.01824       0.048520.02325    0.69254    0.66929     0.07249     1197     1196
-0.03028      0.01824       0.048520.02325    0.69238    0.66914     0.07251     1197     1196
-0.03028      0.01816       0.048440.02325    0.69284    0.66959     0.07234     1197     1196
-0.03028      0.01839       0.048670.02325    0.69246    0.66921     0.07272     1197     1196
-0.03028      0.01816       0.048440.02325    0.69193    0.66868     0.07244     1197     1196
-0.03028      0.01816       0.048440.02325    0.69277    0.66952     0.07235     1197     1196
-0.03028      0.01816       0.048440.02325    0.69254    0.66929     0.07237     1197     1196
-0.03028      0.01824       0.048520.02325    0.69238    0.66914     0.07251     1197     1196
-0.03028      0.01809       0.048360.02325    0.69231    0.66906     0.07229     1197     1196
-0.03028      0.01793       0.048210.02325    0.69246    0.66921     0.07204     1197     1196
-0.03028      0.01839       0.048670.02325    0.692    0.66875     0.07277     1197     1196
-0.03028      0.01816       0.048440.02325    0.69238    0.66914     0.07239     1197     1196
-0.03028      0.01839       0.048670.02325    0.692    0.66875     0.07277     1197     1196
-0.03028      0.01832       0.048590.02325    0.69254    0.66929     0.0726     1197     1196
-0.03028      0.01824       0.048520.02325    0.69238    0.66914     0.07251     1197     1196
-0.03028      0.01816       0.048440.02325    0.692    0.66875     0.07243     1197     1196
-0.03028      0.01824       0.048520.02325    0.69177    0.66852     0.07257     1197     1196
