  ---------- Measurements R  ---------- 
      Vzero [V]    Vmeas [V]    V [V]    Izero[mA]     Imeas [mA]      I [mA]         R0 [Ohm]      T1[Np]      T2[Np]  
-0.03035      0.01305       0.04340.02332    0.5815    0.55818     0.07776     1198     1198
-0.03035      0.0419       0.072250.02332    1.57792    1.55459     0.04647     1198     1198
-0.03035      0.0419       0.072250.02332    1.57448    1.55116     0.04658     1198     1198
-0.03035      0.04167       0.072020.02332    1.5728    1.54948     0.04648     1198     1198
-0.03035      0.04159       0.071940.02332    1.57204    1.54872     0.04645     1198     1198
-0.03035      0.04159       0.071940.02332    1.57135    1.54803     0.04647     1198     1198
-0.03035      0.0419       0.072250.02332    1.57158    1.54826     0.04666     1198     1198
-0.03035      0.04174       0.07210.02332    1.57181    1.54849     0.04656     1198     1198
-0.03035      0.04167       0.072020.02332    1.5715    1.54818     0.04652     1198     1198
-0.03035      0.04167       0.072020.02332    1.57166    1.54834     0.04651     1198     1198
-0.03035      0.04159       0.071940.02332    1.57082    1.5475     0.04649     1198     1198
-0.03035      0.04151       0.071870.02332    1.57051    1.54719     0.04645     1198     1198
-0.03035      0.04174       0.07210.02332    1.57028    1.54696     0.04661     1198     1198
-0.03035      0.04174       0.07210.02332    1.57067    1.54734     0.04659     1198     1198
-0.03035      0.04151       0.071870.02332    1.57082    1.5475     0.04644     1198     1198
-0.03035      0.04182       0.072170.02332    1.57112    1.5478     0.04663     1198     1198
-0.03035      0.04182       0.072170.02332    1.57051    1.54719     0.04665     1198     1198
-0.03035      0.04182       0.072170.02332    1.57082    1.5475     0.04664     1198     1198
-0.03035      0.04174       0.07210.02332    1.57158    1.54826     0.04657     1198     1198
-0.03035      0.04197       0.072330.02332    1.56967    1.54635     0.04677     1198     1198
-0.03035      0.04151       0.071870.02332    1.57067    1.54734     0.04645     1198     1198
-0.03035      0.04167       0.072020.02332    1.57089    1.54757     0.04654     1198     1198
-0.03035      0.0419       0.072250.02332    1.57089    1.54757     0.04669     1198     1198
-0.03035      0.04159       0.071940.02332    1.57059    1.54727     0.0465     1198     1198
-0.03035      0.04159       0.071940.02332    1.57105    1.54773     0.04648     1198     1198
-0.03035      0.0419       0.072250.02332    1.5712    1.54788     0.04668     1198     1198
-0.03035      0.04151       0.071870.02332    1.57036    1.54704     0.04645     1198     1198
-0.03035      0.04174       0.07210.02332    1.57067    1.54734     0.04659     1198     1198
-0.03035      0.04167       0.072020.02332    1.57074    1.54742     0.04654     1198     1198
-0.03035      0.04167       0.072020.02332    1.57059    1.54727     0.04655     1198     1198
