  ---------- Measurements R  ---------- 
      Vzero [V]    Vmeas [V]    V [V]    Izero[mA]     Imeas [mA]      I [mA]         R0 [Ohm]      T1[Np]      T2[Np]  
-0.0309      -0.03098       -8e-050.02332    0.03365    0.01033     -0.00812     1195     1194
-0.0309      -0.03075       0.000140.02332    0.02862    0.0053     0.02738     1195     1194
-0.0309      0.00717       0.038070.02332    0.28953    0.26621     0.14302     1195     1194
-0.0309      0.00832       0.039220.02332    0.28961    0.26629     0.14727     1195     1194
-0.0309      0.00786       0.038760.02332    0.28854    0.26522     0.14614     1195     1194
-0.0309      0.00809       0.038990.02332    0.28877    0.26545     0.14688     1195     1194
-0.0309      0.00801       0.038910.02332    0.28877    0.26545     0.14659     1195     1194
-0.0309      0.00786       0.038760.02332    0.28907    0.26575     0.14585     1195     1194
-0.0309      0.00794       0.038840.02332    0.28823    0.26491     0.1466     1195     1194
-0.0309      0.00794       0.038840.02332    0.289    0.26567     0.14618     1195     1194
-0.0309      0.00801       0.038910.02332    0.28793    0.26461     0.14706     1195     1194
-0.0309      0.00809       0.038990.02332    0.28823    0.26491     0.14717     1195     1194
-0.0309      0.00794       0.038840.02332    0.288    0.26468     0.14672     1195     1194
-0.0309      0.00763       0.038530.02332    0.28823    0.26491     0.14545     1195     1194
-0.0309      0.00794       0.038840.02332    0.28823    0.26491     0.1466     1195     1194
-0.0309      0.00794       0.038840.02332    0.28816    0.26484     0.14664     1195     1194
-0.0309      0.00824       0.039140.02332    0.28762    0.2643     0.14809     1195     1194
-0.0309      0.00801       0.038910.02332    0.28854    0.26522     0.14672     1195     1194
-0.0309      0.00778       0.038680.02332    0.28808    0.26476     0.14611     1195     1194
-0.0309      0.00817       0.039060.02332    0.28777    0.26445     0.14772     1195     1194
-0.0309      0.00786       0.038760.02332    0.28777    0.26445     0.14656     1195     1194
-0.0309      0.00778       0.038680.02332    0.28739    0.26407     0.14649     1195     1194
-0.0309      0.00763       0.038530.02332    0.28785    0.26453     0.14566     1195     1194
-0.0309      0.00809       0.038990.02332    0.28839    0.26506     0.14709     1195     1194
-0.0309      0.00786       0.038760.02332    0.28793    0.26461     0.14648     1195     1194
-0.0309      0.00794       0.038840.02332    0.28816    0.26484     0.14664     1195     1194
-0.0309      0.00794       0.038840.02332    0.28839    0.26506     0.14651     1195     1194
-0.0309      0.00786       0.038760.02332    0.288    0.26468     0.14644     1195     1194
-0.0309      0.00794       0.038840.02332    0.28777    0.26445     0.14685     1195     1194
-0.0309      0.00809       0.038990.02332    0.28793    0.26461     0.14734     1195     1194
