  ---------- Measurements R  ---------- 
      Vzero [V]    Vmeas [V]    V [V]    Izero[mA]     Imeas [mA]      I [mA]         R0 [Ohm]      T1[Np]      T2[Np]  
-0.03033      0.01816       0.048490.02319    0.82914    0.80595     0.06017     1198     1197
-0.03033      0.02183       0.052160.02319    0.84272    0.81953     0.06364     1198     1197
-0.03033      0.02129       0.051620.02319    0.81899    0.7958     0.06487     1198     1197
-0.03033      0.02129       0.051620.02319    0.81761    0.79443     0.06498     1198     1197
-0.03033      0.02121       0.051550.02319    0.81746    0.79427     0.0649     1198     1197
-0.03033      0.0216       0.051930.02319    0.81601    0.79282     0.0655     1198     1197
-0.03033      0.02121       0.051550.02319    0.81601    0.79282     0.06501     1198     1197
-0.03033      0.02129       0.051620.02319    0.81555    0.79236     0.06515     1198     1197
-0.03033      0.02106       0.051390.02319    0.81586    0.79267     0.06483     1198     1197
-0.03033      0.02137       0.05170.02319    0.81639    0.7932     0.06518     1198     1197
-0.03033      0.02099       0.051320.02319    0.81563    0.79244     0.06476     1198     1197
-0.03033      0.02144       0.051770.02319    0.81624    0.79305     0.06528     1198     1197
-0.03033      0.02121       0.051550.02319    0.81609    0.7929     0.06501     1198     1197
-0.03033      0.02121       0.051550.02319    0.81593    0.79275     0.06502     1198     1197
-0.03033      0.02114       0.051470.02319    0.81555    0.79236     0.06496     1198     1197
-0.03033      0.02091       0.051240.02319    0.81601    0.79282     0.06463     1198     1197
-0.03033      0.02114       0.051470.02319    0.81578    0.79259     0.06494     1198     1197
-0.03033      0.02144       0.051770.02319    0.81578    0.79259     0.06532     1198     1197
-0.03033      0.02114       0.051470.02319    0.81578    0.79259     0.06494     1198     1197
-0.03033      0.02137       0.05170.02319    0.81555    0.79236     0.06525     1198     1197
-0.03033      0.02137       0.05170.02319    0.81578    0.79259     0.06523     1198     1197
-0.03033      0.02121       0.051550.02319    0.81532    0.79214     0.06507     1198     1197
-0.03033      0.02083       0.051160.02319    0.81571    0.79252     0.06456     1198     1197
-0.03033      0.02114       0.051470.02319    0.81555    0.79236     0.06496     1198     1197
-0.03033      0.02152       0.051850.02319    0.81593    0.79275     0.06541     1198     1197
-0.03033      0.02137       0.05170.02319    0.81593    0.79275     0.06521     1198     1197
-0.03033      0.02121       0.051550.02319    0.8154    0.79221     0.06507     1198     1197
-0.03033      0.02106       0.051390.02319    0.81601    0.79282     0.06482     1198     1197
-0.03033      0.02114       0.051470.02319    0.81555    0.79236     0.06496     1198     1197
-0.03033      0.02129       0.051620.02319    0.81502    0.79183     0.06519     1198     1197
