  ---------- Measurements R  ---------- 
      Vzero [V]    Vmeas [V]    V [V]    Izero[mA]     Imeas [mA]      I [mA]         R0 [Ohm]      T1[Np]      T2[Np]  
-0.03043      -0.02816       0.002270.02326    0.11073    0.08747     0.026     1197     1197
-0.03043      0.01778       0.048210.02326    0.70124    0.67798     0.07112     1197     1197
-0.03043      0.01755       0.047990.02326    0.66957    0.64631     0.07425     1197     1196
-0.03043      0.01763       0.048060.02326    0.66888    0.64562     0.07444     1197     1196
-0.03043      0.01763       0.048060.02326    0.66781    0.64455     0.07457     1197     1196
-0.03043      0.0174       0.047830.02326    0.6672    0.64394     0.07428     1197     1196
-0.03043      0.01748       0.047910.02326    0.66674    0.64348     0.07445     1197     1196
-0.03043      0.01778       0.048210.02326    0.66697    0.64371     0.0749     1197     1196
-0.03043      0.01755       0.047990.02326    0.66774    0.64447     0.07446     1197     1196
-0.03043      0.01763       0.048060.02326    0.66674    0.64348     0.07469     1197     1196
-0.03043      0.01763       0.048060.02326    0.66674    0.64348     0.07469     1197     1196
-0.03043      0.01755       0.047990.02326    0.66651    0.64325     0.0746     1197     1196
-0.03043      0.01786       0.048290.02326    0.66629    0.64303     0.0751     1197     1196
-0.03043      0.01755       0.047990.02326    0.66606    0.6428     0.07465     1197     1196
-0.03043      0.01748       0.047910.02326    0.66621    0.64295     0.07451     1197     1196
-0.03043      0.01778       0.048210.02326    0.66583    0.64257     0.07503     1197     1196
-0.03043      0.0177       0.048140.02326    0.66598    0.64272     0.0749     1197     1196
-0.03043      0.01778       0.048210.02326    0.66644    0.64318     0.07496     1197     1196
-0.03043      0.0174       0.047830.02326    0.66629    0.64303     0.07439     1197     1196
-0.03043      0.0177       0.048140.02326    0.66598    0.64272     0.0749     1197     1196
-0.03043      0.01748       0.047910.02326    0.66659    0.64333     0.07447     1197     1196
-0.03043      0.01755       0.047990.02326    0.66651    0.64325     0.0746     1197     1196
-0.03043      0.0177       0.048140.02326    0.66651    0.64325     0.07484     1197     1196
-0.03043      0.01748       0.047910.02326    0.66621    0.64295     0.07451     1197     1196
-0.03043      0.01748       0.047910.02326    0.6659    0.64264     0.07455     1197     1196
-0.03043      0.0177       0.048140.02326    0.66621    0.64295     0.07487     1197     1196
-0.03043      0.01755       0.047990.02326    0.66583    0.64257     0.07468     1197     1196
-0.03043      0.01748       0.047910.02326    0.6656    0.64234     0.07459     1197     1196
-0.03043      0.01748       0.047910.02326    0.66728    0.64402     0.07439     1197     1196
-0.03043      0.01748       0.047910.02326    0.66598    0.64272     0.07454     1197     1196
