  ---------- Measurements R  ---------- 
      Vzero [V]    Vmeas [V]    V [V]    Izero[mA]     Imeas [mA]      I [mA]         R0 [Ohm]      T1[Np]      T2[Np]  
-0.0308      0.06204       0.092840.02337    2.39026    2.36689     0.03922     1200     1199
-0.0308      0.07479       0.105580.02337    2.5    2.47663     0.04263     1200     1199
-0.0308      0.07471       0.105510.02337    2.5    2.47663     0.0426     1200     1199
-0.0308      0.07456       0.105350.02337    2.5    2.47663     0.04254     1200     1199
-0.0308      0.07463       0.105430.02337    2.5    2.47663     0.04257     1200     1199
-0.0308      0.07463       0.105430.02337    2.5    2.47663     0.04257     1200     1199
-0.0308      0.07479       0.105580.02337    2.5    2.47663     0.04263     1200     1199
-0.0308      0.07463       0.105430.02337    2.5    2.47663     0.04257     1200     1199
-0.0308      0.07463       0.105430.02337    2.5    2.47663     0.04257     1200     1199
-0.0308      0.07471       0.105510.02337    2.5    2.47663     0.0426     1200     1199
-0.0308      0.07463       0.105430.02337    2.5    2.47663     0.04257     1200     1199
-0.0308      0.07486       0.105660.02337    2.5    2.47663     0.04266     1200     1199
-0.0308      0.07479       0.105580.02337    2.5    2.47663     0.04263     1200     1199
-0.0308      0.07494       0.105730.02337    2.5    2.47663     0.04269     1200     1199
-0.0308      0.07479       0.105580.02337    2.5    2.47663     0.04263     1200     1199
-0.0308      0.07486       0.105660.02337    2.5    2.47663     0.04266     1200     1199
-0.0308      0.07486       0.105660.02337    2.5    2.47663     0.04266     1200     1199
-0.0308      0.07463       0.105430.02337    2.5    2.47663     0.04257     1200     1199
-0.0308      0.07479       0.105580.02337    2.5    2.47663     0.04263     1200     1199
-0.0308      0.07479       0.105580.02337    2.5    2.47663     0.04263     1200     1199
-0.0308      0.07486       0.105660.02337    2.5    2.47663     0.04266     1200     1199
-0.0308      0.07479       0.105580.02337    2.5    2.47663     0.04263     1200     1199
-0.0308      0.07463       0.105430.02337    2.5    2.47663     0.04257     1200     1199
-0.0308      0.07471       0.105510.02337    2.5    2.47663     0.0426     1200     1199
-0.0308      0.07509       0.105890.02337    2.5    2.47663     0.04275     1200     1199
-0.0308      0.07486       0.105660.02337    2.5    2.47663     0.04266     1200     1199
-0.0308      0.07486       0.105660.02337    2.5    2.47663     0.04266     1200     1199
-0.0308      0.07494       0.105730.02337    2.5    2.47663     0.04269     1200     1199
-0.0308      0.07494       0.105730.02337    2.5    2.47663     0.04269     1200     1199
-0.0308      0.07494       0.105730.02337    2.5    2.47663     0.04269     1200     1199
