  ---------- Measurements R  ---------- 
      Vzero [V]    Vmeas [V]    V [V]    Izero[mA]     Imeas [mA]      I [mA]         R0 [Ohm]      T1[Np]      T2[Np]  
-0.03094      -0.0306       0.000340.02352    0.03739    0.01387     0.02476     1196     1195
-0.03094      0.01427       0.045220.02352    0.55754    0.53402     0.08467     1196     1195
-0.03094      0.01465       0.04560.02352    0.55029    0.52677     0.08656     1196     1195
-0.03094      0.01473       0.045670.02352    0.54869    0.52516     0.08697     1196     1195
-0.03094      0.01458       0.045520.02352    0.54815    0.52463     0.08677     1196     1195
-0.03094      0.0145       0.045440.02352    0.548    0.52448     0.08665     1196     1195
-0.03094      0.01458       0.045520.02352    0.54792    0.5244     0.0868     1196     1195
-0.03094      0.01458       0.045520.02352    0.54785    0.52432     0.08682     1196     1195
-0.03094      0.01465       0.04560.02352    0.5467    0.52318     0.08715     1196     1195
-0.03094      0.0145       0.045440.02352    0.54731    0.52379     0.08676     1196     1195
-0.03094      0.0145       0.045440.02352    0.54716    0.52364     0.08679     1196     1195
-0.03094      0.01458       0.045520.02352    0.54663    0.5231     0.08702     1196     1195
-0.03094      0.01458       0.045520.02352    0.54777    0.52425     0.08683     1196     1195
-0.03094      0.01465       0.04560.02352    0.54739    0.52387     0.08704     1196     1195
-0.03094      0.01458       0.045520.02352    0.54708    0.52356     0.08694     1196     1195
-0.03094      0.01465       0.04560.02352    0.54724    0.52371     0.08706     1196     1195
-0.03094      0.01458       0.045520.02352    0.5464    0.52287     0.08706     1196     1195
-0.03094      0.0145       0.045440.02352    0.54701    0.52349     0.08681     1196     1195
-0.03094      0.01473       0.045670.02352    0.54663    0.5231     0.08731     1196     1195
-0.03094      0.0145       0.045440.02352    0.54701    0.52349     0.08681     1196     1195
-0.03094      0.0145       0.045440.02352    0.54678    0.52326     0.08685     1196     1195
-0.03094      0.0145       0.045440.02352    0.5467    0.52318     0.08686     1196     1195
-0.03094      0.01458       0.045520.02352    0.54693    0.52341     0.08697     1196     1195
-0.03094      0.01465       0.04560.02352    0.54678    0.52326     0.08714     1196     1195
-0.03094      0.01458       0.045520.02352    0.54693    0.52341     0.08697     1196     1195
-0.03094      0.01465       0.04560.02352    0.54647    0.52295     0.08719     1196     1195
-0.03094      0.01458       0.045520.02352    0.54647    0.52295     0.08705     1196     1195
-0.03094      0.01458       0.045520.02352    0.54655    0.52303     0.08703     1196     1195
-0.03094      0.01465       0.04560.02352    0.54655    0.52303     0.08718     1196     1195
-0.03094      0.01458       0.045520.02352    0.54594    0.52242     0.08713     1196     1195
