  ---------- Measurements R  ---------- 
      Vzero [V]    Vmeas [V]    V [V]    Izero[mA]     Imeas [mA]      I [mA]         R0 [Ohm]      T1[Np]      T2[Np]  
-0.03055      0.05388       0.084420.02337    2.08837    2.065     0.04088     1199     1198
-0.03055      0.05716       0.087710.02337    2.17254    2.14917     0.04081     1199     1198
-0.03055      0.05708       0.087630.02337    2.16995    2.14658     0.04082     1199     1198
-0.03055      0.05678       0.087320.02337    2.16957    2.1462     0.04069     1199     1198
-0.03055      0.05701       0.087550.02337    2.16835    2.14497     0.04082     1199     1198
-0.03055      0.05678       0.087320.02337    2.16812    2.14475     0.04072     1199     1198
-0.03055      0.05693       0.087480.02337    2.16774    2.14436     0.04079     1199     1198
-0.03055      0.05678       0.087320.02337    2.16781    2.14444     0.04072     1199     1198
-0.03055      0.05701       0.087550.02337    2.16712    2.14375     0.04084     1199     1198
-0.03055      0.05678       0.087320.02337    2.1669    2.14352     0.04074     1199     1198
-0.03055      0.05701       0.087550.02337    2.16789    2.14452     0.04083     1199     1198
-0.03055      0.05701       0.087550.02337    2.16758    2.14421     0.04083     1199     1198
-0.03055      0.05693       0.087480.02337    2.16743    2.14406     0.0408     1199     1198
-0.03055      0.05655       0.08710.02337    2.16613    2.14276     0.04065     1199     1198
-0.03055      0.05662       0.087170.02337    2.16636    2.14299     0.04068     1199     1198
-0.03055      0.05701       0.087550.02337    2.16651    2.14314     0.04085     1199     1198
-0.03055      0.05693       0.087480.02337    2.1669    2.14352     0.04081     1199     1198
-0.03055      0.05678       0.087320.02337    2.1669    2.14352     0.04074     1199     1198
-0.03055      0.05693       0.087480.02337    2.16774    2.14436     0.04079     1199     1198
-0.03055      0.05708       0.087630.02337    2.1672    2.14383     0.04088     1199     1198
-0.03055      0.05685       0.08740.02337    2.16751    2.14414     0.04076     1199     1198
-0.03055      0.05701       0.087550.02337    2.16728    2.14391     0.04084     1199     1198
-0.03055      0.05708       0.087630.02337    2.16735    2.14398     0.04087     1199     1198
-0.03055      0.05716       0.087710.02337    2.16705    2.14368     0.04091     1199     1198
-0.03055      0.05693       0.087480.02337    2.1672    2.14383     0.0408     1199     1198
-0.03055      0.05716       0.087710.02337    2.16629    2.14291     0.04093     1199     1198
-0.03055      0.05685       0.08740.02337    2.16758    2.14421     0.04076     1199     1198
-0.03055      0.05685       0.08740.02337    2.16743    2.14406     0.04076     1199     1198
-0.03055      0.05716       0.087710.02337    2.16674    2.14337     0.04092     1199     1198
-0.03055      0.05701       0.087550.02337    2.16735    2.14398     0.04084     1199     1198
