  ---------- Measurements R  ---------- 
      Vzero [V]    Vmeas [V]    V [V]    Izero[mA]     Imeas [mA]      I [mA]         R0 [Ohm]      T1[Np]      T2[Np]  
-0.0304      0.00488       0.035290.02318    0.20322    0.18004     0.19599     1198     1198
-0.0304      0.02694       0.057340.02318    1.01412    0.99094     0.05787     1198     1198
-0.0304      0.02679       0.057190.02318    1.00962    0.98644     0.05797     1198     1198
-0.0304      0.02663       0.057040.02318    1.00885    0.98568     0.05786     1198     1198
-0.0304      0.02686       0.057260.02318    1.00778    0.98461     0.05816     1198     1198
-0.0304      0.02686       0.057260.02318    1.00694    0.98377     0.05821     1198     1198
-0.0304      0.02679       0.057190.02318    1.00649    0.98331     0.05816     1198     1198
-0.0304      0.02663       0.057040.02318    1.00656    0.98339     0.058     1198     1198
-0.0304      0.02679       0.057190.02318    1.00664    0.98346     0.05815     1198     1198
-0.0304      0.02671       0.057110.02318    1.00687    0.98369     0.05806     1198     1198
-0.0304      0.02648       0.056880.02318    1.00649    0.98331     0.05785     1198     1198
-0.0304      0.02663       0.057040.02318    1.00656    0.98339     0.058     1198     1198
-0.0304      0.02663       0.057040.02318    1.00679    0.98362     0.05799     1198     1198
-0.0304      0.02671       0.057110.02318    1.00694    0.98377     0.05805     1198     1198
-0.0304      0.02679       0.057190.02318    1.00664    0.98346     0.05815     1198     1198
-0.0304      0.02671       0.057110.02318    1.00626    0.98308     0.0581     1198     1198
-0.0304      0.02671       0.057110.02318    1.00656    0.98339     0.05808     1198     1198
-0.0304      0.02663       0.057040.02318    1.00633    0.98316     0.05801     1198     1198
-0.0304      0.02648       0.056880.02318    1.00687    0.98369     0.05783     1198     1198
-0.0304      0.02648       0.056880.02318    1.00664    0.98346     0.05784     1198     1198
-0.0304      0.02656       0.056960.02318    1.00641    0.98323     0.05793     1198     1198
-0.0304      0.02663       0.057040.02318    1.00672    0.98354     0.05799     1198     1198
-0.0304      0.02663       0.057040.02318    1.00649    0.98331     0.058     1198     1198
-0.0304      0.02671       0.057110.02318    1.00679    0.98362     0.05806     1198     1198
-0.0304      0.02656       0.056960.02318    1.00664    0.98346     0.05792     1198     1198
-0.0304      0.02663       0.057040.02318    1.00679    0.98362     0.05799     1198     1198
-0.0304      0.02648       0.056880.02318    1.00603    0.98285     0.05788     1198     1198
-0.0304      0.02679       0.057190.02318    1.00626    0.98308     0.05817     1198     1198
-0.0304      0.02656       0.056960.02318    1.00626    0.98308     0.05794     1198     1198
-0.0304      0.0264       0.056810.02318    1.00633    0.98316     0.05778     1198     1198
