  ---------- Measurements R  ---------- 
      Vzero [V]    Vmeas [V]    V [V]    Izero[mA]     Imeas [mA]      I [mA]         R0 [Ohm]      T1[Np]      T2[Np]  
-0.03054      0.07975       0.110280.02329    2.5    2.47671     0.04453     1200     1200
-0.03054      0.08295       0.113490.02329    2.5    2.47671     0.04582     1200     1200
-0.03054      0.0828       0.113340.02329    2.5    2.47671     0.04576     1200     1200
-0.03054      0.08234       0.112880.02329    2.5    2.47671     0.04558     1200     1200
-0.03054      0.08265       0.113180.02329    2.5    2.47671     0.0457     1200     1200
-0.03054      0.0828       0.113340.02329    2.5    2.47671     0.04576     1200     1200
-0.03054      0.08272       0.113260.02329    2.5    2.47671     0.04573     1200     1200
-0.03054      0.08272       0.113260.02329    2.5    2.47671     0.04573     1200     1200
-0.03054      0.08249       0.113030.02329    2.5    2.47671     0.04564     1200     1200
-0.03054      0.08265       0.113180.02329    2.5    2.47671     0.0457     1200     1200
-0.03054      0.08257       0.113110.02329    2.5    2.47671     0.04567     1200     1200
-0.03054      0.0828       0.113340.02329    2.5    2.47671     0.04576     1200     1200
-0.03054      0.0828       0.113340.02329    2.5    2.47671     0.04576     1200     1200
-0.03054      0.08288       0.113410.02329    2.5    2.47671     0.04579     1200     1200
-0.03054      0.08303       0.113560.02329    2.5    2.47671     0.04585     1200     1200
-0.03054      0.08303       0.113560.02329    2.5    2.47671     0.04585     1200     1200
-0.03054      0.08295       0.113490.02329    2.5    2.47671     0.04582     1200     1200
-0.03054      0.08295       0.113490.02329    2.5    2.47671     0.04582     1200     1200
-0.03054      0.0828       0.113340.02329    2.5    2.47671     0.04576     1200     1200
-0.03054      0.08288       0.113410.02329    2.5    2.47671     0.04579     1200     1200
-0.03054      0.08288       0.113410.02329    2.5    2.47671     0.04579     1200     1200
-0.03054      0.0828       0.113340.02329    2.5    2.47671     0.04576     1200     1200
-0.03054      0.08288       0.113410.02329    2.5    2.47671     0.04579     1200     1200
-0.03054      0.08295       0.113490.02329    2.5    2.47671     0.04582     1200     1200
-0.03054      0.08303       0.113560.02329    2.5    2.47671     0.04585     1200     1200
-0.03054      0.08303       0.113560.02329    2.5    2.47671     0.04585     1200     1200
-0.03054      0.08318       0.113720.02329    2.5    2.47671     0.04591     1200     1200
-0.03054      0.08303       0.113560.02329    2.5    2.47671     0.04585     1200     1200
-0.03054      0.08288       0.113410.02329    2.5    2.47671     0.04579     1200     1200
-0.03054      0.08295       0.113490.02329    2.5    2.47671     0.04582     1200     1200
