  ---------- Measurements R  ---------- 
      Vzero [V]    Vmeas [V]    V [V]    Izero[mA]     Imeas [mA]      I [mA]         R0 [Ohm]      T1[Np]      T2[Np]  
-0.03055      0.20093       0.231480.02329    2.5    2.47671     0.09346     1199     1199
-0.03055      0.0522       0.082750.02329    1.97299    1.9497     0.04244     1199     1199
-0.03055      0.05205       0.082590.02329    1.97115    1.94787     0.0424     1199     1199
-0.03055      0.05174       0.082290.02329    1.97085    1.94756     0.04225     1199     1199
-0.03055      0.05166       0.082210.02329    1.96886    1.94558     0.04226     1199     1199
-0.03055      0.05166       0.082210.02329    1.96864    1.94535     0.04226     1199     1199
-0.03055      0.05189       0.082440.02329    1.96879    1.9455     0.04237     1199     1199
-0.03055      0.05189       0.082440.02329    1.96902    1.94573     0.04237     1199     1199
-0.03055      0.05182       0.082360.02329    1.96856    1.94527     0.04234     1199     1199
-0.03055      0.05182       0.082360.02329    1.96818    1.94489     0.04235     1199     1199
-0.03055      0.05182       0.082360.02329    1.96726    1.94398     0.04237     1199     1199
-0.03055      0.05174       0.082290.02329    1.96787    1.94459     0.04232     1199     1199
-0.03055      0.05189       0.082440.02329    1.96818    1.94489     0.04239     1199     1199
-0.03055      0.05189       0.082440.02329    1.96719    1.9439     0.04241     1199     1199
-0.03055      0.05197       0.082520.02329    1.9678    1.94451     0.04244     1199     1199
-0.03055      0.05197       0.082520.02329    1.96803    1.94474     0.04243     1199     1199
-0.03055      0.05174       0.082290.02329    1.96848    1.9452     0.0423     1199     1199
-0.03055      0.05182       0.082360.02329    1.96726    1.94398     0.04237     1199     1199
-0.03055      0.05197       0.082520.02329    1.96871    1.94543     0.04242     1199     1199
-0.03055      0.05151       0.082060.02329    1.96856    1.94527     0.04218     1199     1199
-0.03055      0.05174       0.082290.02329    1.96772    1.94443     0.04232     1199     1199
-0.03055      0.05151       0.082060.02329    1.96719    1.9439     0.04221     1199     1199
-0.03055      0.05197       0.082520.02329    1.96719    1.9439     0.04245     1199     1199
-0.03055      0.05174       0.082290.02329    1.96749    1.9442     0.04232     1199     1199
-0.03055      0.05197       0.082520.02329    1.9681    1.94481     0.04243     1199     1199
-0.03055      0.05174       0.082290.02329    1.96719    1.9439     0.04233     1199     1199
-0.03055      0.05166       0.082210.02329    1.96848    1.9452     0.04226     1199     1199
-0.03055      0.05205       0.082590.02329    1.96734    1.94405     0.04249     1199     1199
-0.03055      0.05182       0.082360.02329    1.96787    1.94459     0.04236     1199     1199
-0.03055      0.05159       0.082140.02329    1.9681    1.94481     0.04223     1199     1199
