  ---------- Measurements R  ---------- 
      Vzero [V]    Vmeas [V]    V [V]    Izero[mA]     Imeas [mA]      I [mA]         R0 [Ohm]      T1[Np]      T2[Np]  
-0.03041      0.03915       0.069560.02325    1.48588    1.46263     0.04756     1199     1198
-0.03041      0.05487       0.085280.02325    2.07433    2.05108     0.04158     1199     1198
-0.03041      0.05456       0.084970.02325    2.07105    2.04779     0.0415     1199     1198
-0.03041      0.05449       0.08490.02325    2.06929    2.04604     0.04149     1199     1198
-0.03041      0.05449       0.08490.02325    2.06868    2.04543     0.04151     1199     1198
-0.03041      0.05433       0.084750.02325    2.06883    2.04558     0.04143     1199     1198
-0.03041      0.05472       0.085130.02325    2.06792    2.04467     0.04163     1199     1198
-0.03041      0.05433       0.084750.02325    2.06853    2.04528     0.04143     1199     1198
-0.03041      0.05449       0.08490.02325    2.06708    2.04383     0.04154     1199     1198
-0.03041      0.05441       0.084820.02325    2.06845    2.0452     0.04147     1199     1198
-0.03041      0.05464       0.085050.02325    2.06632    2.04306     0.04163     1199     1198
-0.03041      0.05456       0.084970.02325    2.0667    2.04344     0.04158     1199     1198
-0.03041      0.05456       0.084970.02325    2.067    2.04375     0.04158     1199     1198
-0.03041      0.05456       0.084970.02325    2.06746    2.04421     0.04157     1199     1198
-0.03041      0.05464       0.085050.02325    2.06746    2.04421     0.04161     1199     1198
-0.03041      0.05449       0.08490.02325    2.06799    2.04474     0.04152     1199     1198
-0.03041      0.05441       0.084820.02325    2.06716    2.0439     0.0415     1199     1198
-0.03041      0.05441       0.084820.02325    2.06723    2.04398     0.0415     1199     1198
-0.03041      0.05433       0.084750.02325    2.06746    2.04421     0.04146     1199     1198
-0.03041      0.05449       0.08490.02325    2.06761    2.04436     0.04153     1199     1198
-0.03041      0.05449       0.08490.02325    2.06738    2.04413     0.04153     1199     1198
-0.03041      0.05441       0.084820.02325    2.06685    2.0436     0.04151     1199     1198
-0.03041      0.05449       0.08490.02325    2.06777    2.04451     0.04152     1199     1198
-0.03041      0.05464       0.085050.02325    2.06838    2.04512     0.04159     1199     1198
-0.03041      0.05464       0.085050.02325    2.06761    2.04436     0.0416     1199     1198
-0.03041      0.05464       0.085050.02325    2.06716    2.0439     0.04161     1199     1198
-0.03041      0.05472       0.085130.02325    2.06769    2.04444     0.04164     1199     1198
-0.03041      0.05464       0.085050.02325    2.06731    2.04406     0.04161     1199     1198
-0.03041      0.05464       0.085050.02325    2.06799    2.04474     0.04159     1199     1198
-0.03041      0.05464       0.085050.02325    2.06723    2.04398     0.04161     1199     1198
