  ---------- Measurements R  ---------- 
      Vzero [V]    Vmeas [V]    V [V]    Izero[mA]     Imeas [mA]      I [mA]         R0 [Ohm]      T1[Np]      T2[Np]  
-0.03061      0.21238       0.242990.02339    2.5    2.47661     0.09811     1199     1199
-0.03061      0.05983       0.090440.02339    2.2716    2.24821     0.04023     1199     1199
-0.03061      0.05975       0.090370.02339    2.27129    2.24791     0.0402     1199     1199
-0.03061      0.05968       0.090290.02339    2.26961    2.24623     0.0402     1199     1199
-0.03061      0.05968       0.090290.02339    2.26793    2.24455     0.04023     1199     1199
-0.03061      0.0596       0.090210.02339    2.26885    2.24546     0.04018     1199     1199
-0.03061      0.0596       0.090210.02339    2.26824    2.24485     0.04019     1199     1199
-0.03061      0.05968       0.090290.02339    2.26763    2.24424     0.04023     1199     1199
-0.03061      0.05952       0.090140.02339    2.26732    2.24394     0.04017     1199     1199
-0.03061      0.0596       0.090210.02339    2.26786    2.24447     0.04019     1199     1199
-0.03061      0.05952       0.090140.02339    2.26763    2.24424     0.04016     1199     1199
-0.03061      0.05975       0.090370.02339    2.26664    2.24325     0.04028     1199     1199
-0.03061      0.05968       0.090290.02339    2.26709    2.24371     0.04024     1199     1199
-0.03061      0.05975       0.090370.02339    2.26709    2.24371     0.04028     1199     1199
-0.03061      0.0596       0.090210.02339    2.26778    2.24439     0.04019     1199     1199
-0.03061      0.0596       0.090210.02339    2.26732    2.24394     0.0402     1199     1199
-0.03061      0.05975       0.090370.02339    2.26641    2.24302     0.04029     1199     1199
-0.03061      0.05975       0.090370.02339    2.26732    2.24394     0.04027     1199     1199
-0.03061      0.05968       0.090290.02339    2.26786    2.24447     0.04023     1199     1199
-0.03061      0.0596       0.090210.02339    2.2674    2.24401     0.0402     1199     1199
-0.03061      0.05968       0.090290.02339    2.26854    2.24516     0.04022     1199     1199
-0.03061      0.0596       0.090210.02339    2.2677    2.24432     0.0402     1199     1199
-0.03061      0.05968       0.090290.02339    2.26832    2.24493     0.04022     1199     1199
-0.03061      0.05968       0.090290.02339    2.26824    2.24485     0.04022     1199     1199
-0.03061      0.05968       0.090290.02339    2.26709    2.24371     0.04024     1199     1199
-0.03061      0.0596       0.090210.02339    2.26732    2.24394     0.0402     1199     1199
-0.03061      0.0596       0.090210.02339    2.26732    2.24394     0.0402     1199     1199
-0.03061      0.05991       0.090520.02339    2.26748    2.24409     0.04034     1199     1199
-0.03061      0.05937       0.089980.02339    2.26725    2.24386     0.0401     1199     1199
-0.03061      0.0596       0.090210.02339    2.2674    2.24401     0.0402     1199     1199
