  ---------- Measurements R  ---------- 
      Vzero [V]    Vmeas [V]    V [V]    Izero[mA]     Imeas [mA]      I [mA]         R0 [Ohm]      T1[Np]      T2[Np]  
-0.03091      0.25603       0.286940.02341    2.5    2.47659     0.11586     1195     1195
-0.03091      -0.02976       0.001150.02341    0.03205    0.00865     0.13327     1195     1195
-0.03091      0.01198       0.04290.02341    0.48855    0.46515     0.09222     1195     1195
-0.03091      0.01297       0.043890.02341    0.48581    0.4624     0.09491     1195     1195
-0.03091      0.01282       0.043730.02341    0.48489    0.46149     0.09477     1195     1195
-0.03091      0.01297       0.043890.02341    0.48428    0.46087     0.09523     1195     1195
-0.03091      0.0132       0.044120.02341    0.48413    0.46072     0.09575     1195     1195
-0.03091      0.0129       0.043810.02341    0.48397    0.46057     0.09512     1195     1195
-0.03091      0.01297       0.043890.02341    0.48352    0.46011     0.09538     1195     1195
-0.03091      0.01259       0.043510.02341    0.48352    0.46011     0.09455     1195     1195
-0.03091      0.01297       0.043890.02341    0.48367    0.46026     0.09535     1195     1195
-0.03091      0.01297       0.043890.02341    0.48329    0.45988     0.09543     1195     1195
-0.03091      0.0132       0.044120.02341    0.48367    0.46026     0.09585     1195     1195
-0.03091      0.01305       0.043960.02341    0.4839    0.46049     0.09547     1195     1195
-0.03091      0.01297       0.043890.02341    0.48329    0.45988     0.09543     1195     1195
-0.03091      0.01313       0.044040.02341    0.48375    0.46034     0.09567     1195     1195
-0.03091      0.0132       0.044120.02341    0.48298    0.45958     0.09599     1195     1195
-0.03091      0.01313       0.044040.02341    0.48313    0.45973     0.0958     1195     1195
-0.03091      0.01297       0.043890.02341    0.48344    0.46004     0.0954     1195     1195
-0.03091      0.01297       0.043890.02341    0.48352    0.46011     0.09538     1195     1195
-0.03091      0.01313       0.044040.02341    0.48382    0.46042     0.09565     1195     1195
-0.03091      0.0132       0.044120.02341    0.48336    0.45996     0.09591     1195     1195
-0.03091      0.01297       0.043890.02341    0.48375    0.46034     0.09534     1195     1195
-0.03091      0.01305       0.043960.02341    0.48283    0.45942     0.09569     1195     1195
-0.03091      0.01282       0.043730.02341    0.48313    0.45973     0.09513     1195     1195
-0.03091      0.0129       0.043810.02341    0.48306    0.45965     0.09531     1195     1195
-0.03091      0.0129       0.043810.02341    0.48329    0.45988     0.09527     1195     1195
-0.03091      0.01282       0.043730.02341    0.48321    0.45981     0.09512     1195     1195
-0.03091      0.01297       0.043890.02341    0.48336    0.45996     0.09542     1195     1195
-0.03091      0.01297       0.043890.02341    0.48336    0.45996     0.09542     1195     1195
