  ---------- Measurements R  ---------- 
      Vzero [V]    Vmeas [V]    V [V]    Izero[mA]     Imeas [mA]      I [mA]         R0 [Ohm]      T1[Np]      T2[Np]  
-0.03086      -0.03136       -0.00050.02332    0.03663    0.01331     -0.03784     1196     1196
-0.03086      0.01572       0.046580.02332    0.62118    0.59786     0.07791     1196     1196
-0.03086      0.0161       0.046960.02332    0.61813    0.59481     0.07895     1196     1196
-0.03086      0.01618       0.047040.02332    0.61691    0.59359     0.07925     1196     1196
-0.03086      0.01625       0.047120.02332    0.61683    0.59351     0.07938     1196     1196
-0.03086      0.0161       0.046960.02332    0.61668    0.59336     0.07915     1196     1196
-0.03086      0.01618       0.047040.02332    0.616    0.59267     0.07937     1196     1196
-0.03086      0.01603       0.046890.02332    0.61622    0.5929     0.07908     1196     1196
-0.03086      0.0161       0.046960.02332    0.61622    0.5929     0.07921     1196     1196
-0.03086      0.01618       0.047040.02332    0.61546    0.59214     0.07944     1196     1196
-0.03086      0.01618       0.047040.02332    0.61561    0.59229     0.07942     1196     1196
-0.03086      0.0161       0.046960.02332    0.6163    0.59298     0.0792     1196     1196
-0.03086      0.01618       0.047040.02332    0.61554    0.59222     0.07943     1196     1196
-0.03086      0.01633       0.047190.02332    0.61554    0.59222     0.07969     1196     1196
-0.03086      0.01595       0.046810.02332    0.61554    0.59222     0.07904     1196     1196
-0.03086      0.01618       0.047040.02332    0.61508    0.59176     0.07949     1196     1196
-0.03086      0.0161       0.046960.02332    0.61508    0.59176     0.07936     1196     1196
-0.03086      0.01625       0.047120.02332    0.61538    0.59206     0.07958     1196     1196
-0.03086      0.01595       0.046810.02332    0.61561    0.59229     0.07903     1196     1196
-0.03086      0.01633       0.047190.02332    0.61546    0.59214     0.0797     1196     1196
-0.03086      0.01633       0.047190.02332    0.61546    0.59214     0.0797     1196     1196
-0.03086      0.01618       0.047040.02332    0.61516    0.59183     0.07948     1196     1196
-0.03086      0.0161       0.046960.02332    0.6147    0.59138     0.07941     1196     1196
-0.03086      0.0161       0.046960.02332    0.615    0.59168     0.07937     1196     1196
-0.03086      0.0161       0.046960.02332    0.61561    0.59229     0.07929     1196     1196
-0.03086      0.01625       0.047120.02332    0.615    0.59168     0.07963     1196     1196
-0.03086      0.01618       0.047040.02332    0.616    0.59267     0.07937     1196     1196
-0.03086      0.01633       0.047190.02332    0.61561    0.59229     0.07968     1196     1196
-0.03086      0.01625       0.047120.02332    0.61607    0.59275     0.07949     1196     1196
-0.03086      0.0161       0.046960.02332    0.61538    0.59206     0.07932     1196     1196
