  ---------- Measurements R  ---------- 
      Vzero [V]    Vmeas [V]    V [V]    Izero[mA]     Imeas [mA]      I [mA]         R0 [Ohm]      T1[Np]      T2[Np]  
-0.03059      0.00542       0.0360.02334    0.23352    0.21017     0.17131     1198     1198
-0.03059      0.03663       0.067220.02334    1.39255    1.36921     0.04909     1198     1198
-0.03059      0.03686       0.067450.02334    1.38912    1.36577     0.04938     1198     1198
-0.03059      0.03648       0.067060.02334    1.38759    1.36425     0.04916     1198     1198
-0.03059      0.03671       0.067290.02334    1.38698    1.36364     0.04935     1198     1198
-0.03059      0.0364       0.066990.02334    1.38668    1.36333     0.04913     1198     1198
-0.03059      0.0364       0.066990.02334    1.38614    1.3628     0.04915     1198     1198
-0.03059      0.03648       0.067060.02334    1.38622    1.36287     0.04921     1198     1198
-0.03059      0.03632       0.066910.02334    1.38607    1.36272     0.0491     1198     1198
-0.03059      0.03655       0.067140.02334    1.38629    1.36295     0.04926     1198     1198
-0.03059      0.03655       0.067140.02334    1.38545    1.36211     0.04929     1198     1198
-0.03059      0.03655       0.067140.02334    1.38584    1.36249     0.04928     1198     1198
-0.03059      0.03648       0.067060.02334    1.38637    1.36303     0.0492     1198     1198
-0.03059      0.03648       0.067060.02334    1.38614    1.3628     0.04921     1198     1198
-0.03059      0.03663       0.067220.02334    1.38576    1.36242     0.04934     1198     1198
-0.03059      0.03663       0.067220.02334    1.3866    1.36326     0.04931     1198     1198
-0.03059      0.03648       0.067060.02334    1.38614    1.3628     0.04921     1198     1198
-0.03059      0.03648       0.067060.02334    1.38637    1.36303     0.0492     1198     1198
-0.03059      0.03663       0.067220.02334    1.38515    1.36181     0.04936     1198     1198
-0.03059      0.03671       0.067290.02334    1.38622    1.36287     0.04938     1198     1198
-0.03059      0.03655       0.067140.02334    1.38668    1.36333     0.04925     1198     1198
-0.03059      0.03663       0.067220.02334    1.38607    1.36272     0.04932     1198     1198
-0.03059      0.03663       0.067220.02334    1.38607    1.36272     0.04932     1198     1198
-0.03059      0.03655       0.067140.02334    1.38599    1.36264     0.04927     1198     1198
-0.03059      0.03671       0.067290.02334    1.38584    1.36249     0.04939     1198     1198
-0.03059      0.03663       0.067220.02334    1.38607    1.36272     0.04932     1198     1198
-0.03059      0.03655       0.067140.02334    1.38568    1.36234     0.04928     1198     1198
-0.03059      0.03648       0.067060.02334    1.38545    1.36211     0.04923     1198     1198
-0.03059      0.03655       0.067140.02334    1.38652    1.36318     0.04925     1198     1198
-0.03059      0.03648       0.067060.02334    1.38622    1.36287     0.04921     1198     1198
