  ---------- Measurements R  ---------- 
      Vzero [V]    Vmeas [V]    V [V]    Izero[mA]     Imeas [mA]      I [mA]         R0 [Ohm]      T1[Np]      T2[Np]  
-0.03024      0.04022       0.070460.0232    1.5148    1.49161     0.04724     1200     1199
-0.03024      0.06716       0.09740.0232    2.5    2.4768     0.03932     1200     1199
-0.03024      0.06723       0.097470.0232    2.5    2.4768     0.03935     1200     1199
-0.03024      0.06723       0.097470.0232    2.5    2.4768     0.03935     1200     1199
-0.03024      0.06716       0.09740.0232    2.5    2.4768     0.03932     1200     1199
-0.03024      0.06731       0.097550.0232    2.5    2.4768     0.03939     1200     1199
-0.03024      0.06693       0.097170.0232    2.5    2.4768     0.03923     1200     1199
-0.03024      0.06716       0.09740.0232    2.5    2.4768     0.03932     1200     1199
-0.03024      0.067       0.097250.0232    2.5    2.4768     0.03926     1200     1199
-0.03024      0.06708       0.097320.0232    2.5    2.4768     0.03929     1200     1199
-0.03024      0.06708       0.097320.0232    2.5    2.4768     0.03929     1200     1199
-0.03024      0.06716       0.09740.0232    2.5    2.4768     0.03932     1200     1199
-0.03024      0.06723       0.097470.0232    2.5    2.4768     0.03935     1200     1199
-0.03024      0.06708       0.097320.0232    2.5    2.4768     0.03929     1200     1199
-0.03024      0.06716       0.09740.0232    2.5    2.4768     0.03932     1200     1199
-0.03024      0.06716       0.09740.0232    2.5    2.4768     0.03932     1200     1199
-0.03024      0.067       0.097250.0232    2.5    2.4768     0.03926     1200     1199
-0.03024      0.06731       0.097550.0232    2.5    2.4768     0.03939     1200     1199
-0.03024      0.06723       0.097470.0232    2.5    2.4768     0.03935     1200     1199
-0.03024      0.06716       0.09740.0232    2.5    2.4768     0.03932     1200     1199
-0.03024      0.06731       0.097550.0232    2.5    2.4768     0.03939     1200     1199
-0.03024      0.06716       0.09740.0232    2.5    2.4768     0.03932     1200     1199
-0.03024      0.06708       0.097320.0232    2.5    2.4768     0.03929     1200     1199
-0.03024      0.06738       0.097630.0232    2.5    2.4768     0.03942     1200     1199
-0.03024      0.06723       0.097470.0232    2.5    2.4768     0.03935     1200     1199
-0.03024      0.06731       0.097550.0232    2.5    2.4768     0.03939     1200     1199
-0.03024      0.06723       0.097470.0232    2.5    2.4768     0.03935     1200     1199
-0.03024      0.06731       0.097550.0232    2.5    2.4768     0.03939     1200     1199
-0.03024      0.06738       0.097630.0232    2.5    2.4768     0.03942     1200     1199
-0.03024      0.06731       0.097550.0232    2.5    2.4768     0.03939     1200     1199
