  ---------- Measurements R  ---------- 
      Vzero [V]    Vmeas [V]    V [V]    Izero[mA]     Imeas [mA]      I [mA]         R0 [Ohm]      T1[Np]      T2[Np]  
-0.03101      0.00397       0.034980.02336    0.17323    0.14987     0.23341     1195     1195
-0.03101      -0.03045       0.000560.02336    0.03312    0.00976     0.05786     1195     1195
-0.03101      0.00885       0.039870.02336    0.34486    0.3215     0.124     1195     1195
-0.03101      0.0087       0.039710.02336    0.32822    0.30486     0.13027     1195     1195
-0.03101      0.00893       0.039940.02336    0.32753    0.30417     0.13131     1195     1195
-0.03101      0.00893       0.039940.02336    0.32814    0.30478     0.13105     1195     1195
-0.03101      0.00908       0.040090.02336    0.32814    0.30478     0.13155     1195     1195
-0.03101      0.009       0.040020.02336    0.32708    0.30372     0.13176     1195     1195
-0.03101      0.00923       0.040250.02336    0.32753    0.30417     0.13232     1195     1195
-0.03101      0.00893       0.039940.02336    0.32662    0.30326     0.13171     1195     1195
-0.03101      0.0087       0.039710.02336    0.32708    0.30372     0.13076     1195     1195
-0.03101      0.009       0.040020.02336    0.32677    0.30341     0.13189     1195     1195
-0.03101      0.00885       0.039870.02336    0.32662    0.30326     0.13146     1195     1195
-0.03101      0.00893       0.039940.02336    0.32677    0.30341     0.13164     1195     1195
-0.03101      0.00862       0.039640.02336    0.32608    0.30272     0.13093     1195     1195
-0.03101      0.00908       0.040090.02336    0.32662    0.30326     0.13221     1195     1195
-0.03101      0.00916       0.040170.02336    0.32639    0.30303     0.13256     1195     1195
-0.03101      0.009       0.040020.02336    0.32639    0.30303     0.13206     1195     1195
-0.03101      0.00878       0.039790.02336    0.327    0.30364     0.13104     1195     1195
-0.03101      0.00893       0.039940.02336    0.32654    0.30318     0.13174     1195     1195
-0.03101      0.00862       0.039640.02336    0.32631    0.30295     0.13083     1195     1195
-0.03101      0.00878       0.039790.02336    0.32685    0.30349     0.13111     1195     1195
-0.03101      0.00908       0.040090.02336    0.32616    0.3028     0.13241     1195     1195
-0.03101      0.00878       0.039790.02336    0.32616    0.3028     0.1314     1195     1195
-0.03101      0.00878       0.039790.02336    0.32662    0.30326     0.13121     1195     1195
-0.03101      0.00893       0.039940.02336    0.32616    0.3028     0.13191     1195     1195
-0.03101      0.00923       0.040250.02336    0.32669    0.30333     0.13268     1195     1195
-0.03101      0.00878       0.039790.02336    0.32639    0.30303     0.13131     1195     1195
-0.03101      0.00885       0.039870.02336    0.32639    0.30303     0.13156     1195     1195
-0.03101      0.00893       0.039940.02336    0.32631    0.30295     0.13184     1195     1195
