  ---------- Measurements R  ---------- 
      Vzero [V]    Vmeas [V]    V [V]    Izero[mA]     Imeas [mA]      I [mA]         R0 [Ohm]      T1[Np]      T2[Np]  
-0.03117      0.00847       0.039640.02345    0.36783    0.34437     0.11512     1195     1195
-0.03117      -0.03014       0.001030.02345    0.03373    0.01028     0.10026     1195     1195
-0.03117      0.01175       0.042930.02345    0.45444    0.43099     0.0996     1195     1195
-0.03117      0.01221       0.043380.02345    0.45261    0.42916     0.10109     1195     1195
-0.03117      0.01221       0.043380.02345    0.45124    0.42778     0.10142     1195     1195
-0.03117      0.01206       0.043230.02345    0.45147    0.42801     0.101     1195     1195
-0.03117      0.01221       0.043380.02345    0.45108    0.42763     0.10145     1195     1195
-0.03117      0.0119       0.043080.02345    0.45101    0.42755     0.10076     1195     1195
-0.03117      0.01198       0.043150.02345    0.45085    0.4274     0.10097     1195     1195
-0.03117      0.01229       0.043460.02345    0.45085    0.4274     0.10168     1195     1195
-0.03117      0.01221       0.043380.02345    0.45085    0.4274     0.10151     1195     1195
-0.03117      0.0119       0.043080.02345    0.45047    0.42702     0.10088     1195     1195
-0.03117      0.01229       0.043460.02345    0.4507    0.42725     0.10172     1195     1195
-0.03117      0.01213       0.043310.02345    0.45093    0.42748     0.10131     1195     1195
-0.03117      0.01206       0.043230.02345    0.45101    0.42755     0.10111     1195     1195
-0.03117      0.01206       0.043230.02345    0.45063    0.42717     0.1012     1195     1195
-0.03117      0.01206       0.043230.02345    0.45063    0.42717     0.1012     1195     1195
-0.03117      0.01206       0.043230.02345    0.45024    0.42679     0.10129     1195     1195
-0.03117      0.01198       0.043150.02345    0.44986    0.42641     0.10121     1195     1195
-0.03117      0.01213       0.043310.02345    0.45055    0.42709     0.1014     1195     1195
-0.03117      0.0119       0.043080.02345    0.4507    0.42725     0.10083     1195     1195
-0.03117      0.01213       0.043310.02345    0.4504    0.42694     0.10144     1195     1195
-0.03117      0.0119       0.043080.02345    0.45024    0.42679     0.10094     1195     1195
-0.03117      0.01206       0.043230.02345    0.4504    0.42694     0.10126     1195     1195
-0.03117      0.0119       0.043080.02345    0.45078    0.42732     0.10081     1195     1195
-0.03117      0.01198       0.043150.02345    0.45024    0.42679     0.10111     1195     1195
-0.03117      0.01168       0.042850.02345    0.4504    0.42694     0.10036     1195     1195
-0.03117      0.01183       0.0430.02345    0.45009    0.42664     0.10079     1195     1195
-0.03117      0.01198       0.043150.02345    0.44986    0.42641     0.10121     1195     1195
-0.03117      0.01198       0.043150.02345    0.4507    0.42725     0.10101     1195     1195
