  ---------- Measurements R  ---------- 
      Vzero [V]    Vmeas [V]    V [V]    Izero[mA]     Imeas [mA]      I [mA]         R0 [Ohm]      T1[Np]      T2[Np]  
-0.03009      0.00183       0.031920.02339    0.08326    0.05986     0.53324     1197     1197
-0.03009      0.02007       0.050160.02339    0.77419    0.7508     0.06681     1197     1197
-0.03009      0.02022       0.050310.02339    0.76595    0.74256     0.06776     1197     1197
-0.03009      0.02022       0.050310.02339    0.76435    0.74095     0.0679     1197     1197
-0.03009      0.02007       0.050160.02339    0.76351    0.74011     0.06777     1197     1197
-0.03009      0.02007       0.050160.02339    0.7629    0.7395     0.06783     1197     1197
-0.03009      0.01999       0.050080.02339    0.76229    0.73889     0.06778     1197     1197
-0.03009      0.01999       0.050080.02339    0.76229    0.73889     0.06778     1197     1197
-0.03009      0.02007       0.050160.02339    0.76267    0.73927     0.06785     1197     1197
-0.03009      0.01999       0.050080.02339    0.76259    0.7392     0.06775     1197     1197
-0.03009      0.02015       0.050240.02339    0.76221    0.73882     0.068     1197     1197
-0.03009      0.02007       0.050160.02339    0.76213    0.73874     0.0679     1197     1197
-0.03009      0.01984       0.049930.02339    0.76236    0.73897     0.06757     1197     1197
-0.03009      0.01999       0.050080.02339    0.76274    0.73935     0.06774     1197     1197
-0.03009      0.02007       0.050160.02339    0.76267    0.73927     0.06785     1197     1197
-0.03009      0.02007       0.050160.02339    0.76221    0.73882     0.06789     1197     1197
-0.03009      0.01999       0.050080.02339    0.76183    0.73843     0.06782     1197     1197
-0.03009      0.02015       0.050240.02339    0.76244    0.73905     0.06797     1197     1197
-0.03009      0.01999       0.050080.02339    0.76198    0.73859     0.06781     1197     1197
-0.03009      0.01999       0.050080.02339    0.76252    0.73912     0.06776     1197     1197
-0.03009      0.02007       0.050160.02339    0.76244    0.73905     0.06787     1197     1197
-0.03009      0.01999       0.050080.02339    0.76198    0.73859     0.06781     1197     1197
-0.03009      0.02007       0.050160.02339    0.76236    0.73897     0.06788     1197     1197
-0.03009      0.02007       0.050160.02339    0.76206    0.73866     0.06791     1197     1197
-0.03009      0.01999       0.050080.02339    0.76206    0.73866     0.0678     1197     1197
-0.03009      0.01999       0.050080.02339    0.76206    0.73866     0.0678     1197     1197
-0.03009      0.01992       0.050010.02339    0.76252    0.73912     0.06766     1197     1197
-0.03009      0.02015       0.050240.02339    0.76198    0.73859     0.06802     1197     1197
-0.03009      0.02007       0.050160.02339    0.76252    0.73912     0.06786     1197     1197
-0.03009      0.02007       0.050160.02339    0.7616    0.73821     0.06795     1197     1197
