  ---------- Measurements R  ---------- 
      Vzero [V]    Vmeas [V]    V [V]    Izero[mA]     Imeas [mA]      I [mA]         R0 [Ohm]      T1[Np]      T2[Np]  
-0.03052      0.00725       0.037770.02337    0.30807    0.2847     0.13267     1197     1197
-0.03052      0.02442       0.054940.02337    0.9375    0.91413     0.0601     1197     1197
-0.03052      0.02434       0.054860.02337    0.93002    0.90665     0.06051     1197     1197
-0.03052      0.02427       0.054790.02337    0.92796    0.90459     0.06057     1197     1197
-0.03052      0.02404       0.054560.02337    0.92743    0.90405     0.06035     1197     1197
-0.03052      0.02411       0.054640.02337    0.92689    0.90352     0.06047     1197     1197
-0.03052      0.02411       0.054640.02337    0.92651    0.90314     0.0605     1197     1197
-0.03052      0.02427       0.054790.02337    0.92636    0.90298     0.06068     1197     1197
-0.03052      0.02419       0.054710.02337    0.92674    0.90337     0.06056     1197     1197
-0.03052      0.02427       0.054790.02337    0.92628    0.90291     0.06068     1197     1197
-0.03052      0.02411       0.054640.02337    0.92598    0.9026     0.06053     1197     1197
-0.03052      0.02419       0.054710.02337    0.9256    0.90222     0.06064     1197     1197
-0.03052      0.02419       0.054710.02337    0.9259    0.90253     0.06062     1197     1197
-0.03052      0.02411       0.054640.02337    0.92651    0.90314     0.0605     1197     1197
-0.03052      0.02419       0.054710.02337    0.9256    0.90222     0.06064     1197     1197
-0.03052      0.02419       0.054710.02337    0.92659    0.90321     0.06058     1197     1197
-0.03052      0.02434       0.054860.02337    0.92582    0.90245     0.0608     1197     1197
-0.03052      0.02411       0.054640.02337    0.92613    0.90275     0.06052     1197     1197
-0.03052      0.02411       0.054640.02337    0.92628    0.90291     0.06051     1197     1197
-0.03052      0.02427       0.054790.02337    0.92643    0.90306     0.06067     1197     1197
-0.03052      0.02396       0.054480.02337    0.92567    0.9023     0.06038     1197     1197
-0.03052      0.02396       0.054480.02337    0.92613    0.90275     0.06035     1197     1197
-0.03052      0.02411       0.054640.02337    0.92621    0.90283     0.06052     1197     1197
-0.03052      0.02411       0.054640.02337    0.92575    0.90237     0.06055     1197     1197
-0.03052      0.02427       0.054790.02337    0.92567    0.9023     0.06072     1197     1197
-0.03052      0.02427       0.054790.02337    0.92674    0.90337     0.06065     1197     1197
-0.03052      0.02404       0.054560.02337    0.92636    0.90298     0.06042     1197     1197
-0.03052      0.02389       0.054410.02337    0.92537    0.90199     0.06032     1197     1197
-0.03052      0.02442       0.054940.02337    0.92575    0.90237     0.06089     1197     1197
-0.03052      0.02427       0.054790.02337    0.92613    0.90275     0.06069     1197     1197
