  ---------- Measurements R  ---------- 
      Vzero [V]    Vmeas [V]    V [V]    Izero[mA]     Imeas [mA]      I [mA]         R0 [Ohm]      T1[Np]      T2[Np]  
-0.03048      0.25382       0.284290.02324    2.5    2.47676     0.11479     1199     1199
-0.03048      0.06212       0.09260.02324    2.36867    2.34542     0.03948     1199     1199
-0.03048      0.06212       0.09260.02324    2.37202    2.34878     0.03942     1199     1199
-0.03048      0.06212       0.09260.02324    2.3692    2.34596     0.03947     1199     1199
-0.03048      0.06204       0.092520.02324    2.36874    2.3455     0.03945     1199     1199
-0.03048      0.06197       0.092450.02324    2.36836    2.34512     0.03942     1199     1199
-0.03048      0.06212       0.09260.02324    2.36874    2.3455     0.03948     1199     1199
-0.03048      0.06204       0.092520.02324    2.36722    2.34397     0.03947     1199     1199
-0.03048      0.06197       0.092450.02324    2.36745    2.3442     0.03944     1199     1199
-0.03048      0.06227       0.092750.02324    2.36722    2.34397     0.03957     1199     1199
-0.03048      0.06212       0.09260.02324    2.36745    2.3442     0.0395     1199     1199
-0.03048      0.06204       0.092520.02324    2.36767    2.34443     0.03946     1199     1199
-0.03048      0.06189       0.092370.02324    2.3676    2.34435     0.0394     1199     1199
-0.03048      0.06204       0.092520.02324    2.36661    2.34336     0.03948     1199     1199
-0.03048      0.06219       0.092670.02324    2.36699    2.34374     0.03954     1199     1199
-0.03048      0.06204       0.092520.02324    2.36676    2.34351     0.03948     1199     1199
-0.03048      0.06212       0.09260.02324    2.36729    2.34405     0.0395     1199     1199
-0.03048      0.06227       0.092750.02324    2.36821    2.34496     0.03955     1199     1199
-0.03048      0.06235       0.092830.02324    2.36699    2.34374     0.03961     1199     1199
-0.03048      0.06197       0.092450.02324    2.3676    2.34435     0.03943     1199     1199
-0.03048      0.06212       0.09260.02324    2.36737    2.34412     0.0395     1199     1199
-0.03048      0.06235       0.092830.02324    2.36775    2.34451     0.03959     1199     1199
-0.03048      0.06227       0.092750.02324    2.36729    2.34405     0.03957     1199     1199
-0.03048      0.06219       0.092670.02324    2.36653    2.34328     0.03955     1199     1199
-0.03048      0.06219       0.092670.02324    2.36706    2.34382     0.03954     1199     1199
-0.03048      0.06219       0.092670.02324    2.36661    2.34336     0.03955     1199     1199
-0.03048      0.06219       0.092670.02324    2.36706    2.34382     0.03954     1199     1199
-0.03048      0.0625       0.092980.02324    2.36737    2.34412     0.03966     1199     1199
-0.03048      0.06219       0.092670.02324    2.36745    2.3442     0.03953     1199     1199
-0.03048      0.06212       0.09260.02324    2.36722    2.34397     0.0395     1199     1199
