  ---------- Measurements R  ---------- 
      Vzero [V]    Vmeas [V]    V [V]    Izero[mA]     Imeas [mA]      I [mA]         R0 [Ohm]      T1[Np]      T2[Np]  
-0.03052      0.01664       0.047160.02336    0.62294    0.59958     0.07865     1198     1198
-0.03052      0.03915       0.069670.02336    1.48275    1.4594     0.04774     1198     1198
-0.03052      0.0393       0.069820.02336    1.48001    1.45665     0.04793     1198     1198
-0.03052      0.03869       0.069210.02336    1.47917    1.45581     0.04754     1198     1198
-0.03052      0.039       0.069520.02336    1.47711    1.45375     0.04782     1198     1198
-0.03052      0.03922       0.069750.02336    1.47734    1.45398     0.04797     1198     1198
-0.03052      0.039       0.069520.02336    1.47734    1.45398     0.04781     1198     1198
-0.03052      0.03915       0.069670.02336    1.47734    1.45398     0.04792     1198     1198
-0.03052      0.03915       0.069670.02336    1.47688    1.45352     0.04793     1198     1198
-0.03052      0.03907       0.069590.02336    1.4781    1.45474     0.04784     1198     1198
-0.03052      0.03884       0.069360.02336    1.47741    1.45406     0.0477     1198     1198
-0.03052      0.03907       0.069590.02336    1.47688    1.45352     0.04788     1198     1198
-0.03052      0.03907       0.069590.02336    1.47734    1.45398     0.04786     1198     1198
-0.03052      0.03922       0.069750.02336    1.47711    1.45375     0.04798     1198     1198
-0.03052      0.0393       0.069820.02336    1.47779    1.45444     0.04801     1198     1198
-0.03052      0.03907       0.069590.02336    1.47695    1.4536     0.04788     1198     1198
-0.03052      0.03938       0.06990.02336    1.47627    1.45291     0.04811     1198     1198
-0.03052      0.03922       0.069750.02336    1.47688    1.45352     0.04798     1198     1198
-0.03052      0.0393       0.069820.02336    1.47604    1.45268     0.04806     1198     1198
-0.03052      0.03922       0.069750.02336    1.47726    1.4539     0.04797     1198     1198
-0.03052      0.03907       0.069590.02336    1.47657    1.45322     0.04789     1198     1198
-0.03052      0.03922       0.069750.02336    1.47734    1.45398     0.04797     1198     1198
-0.03052      0.0393       0.069820.02336    1.47718    1.45383     0.04803     1198     1198
-0.03052      0.03938       0.06990.02336    1.47695    1.4536     0.04809     1198     1198
-0.03052      0.0393       0.069820.02336    1.47772    1.45436     0.04801     1198     1198
-0.03052      0.03922       0.069750.02336    1.47665    1.45329     0.04799     1198     1198
-0.03052      0.03922       0.069750.02336    1.47718    1.45383     0.04797     1198     1198
-0.03052      0.03915       0.069670.02336    1.47703    1.45367     0.04793     1198     1198
-0.03052      0.03907       0.069590.02336    1.4768    1.45345     0.04788     1198     1198
-0.03052      0.039       0.069520.02336    1.47711    1.45375     0.04782     1198     1198
