  ---------- Measurements R  ---------- 
      Vzero [V]    Vmeas [V]    V [V]    Izero[mA]     Imeas [mA]      I [mA]         R0 [Ohm]      T1[Np]      T2[Np]  
-0.03034      0.04289       0.073230.02327    1.6614    1.63813     0.0447     1198     1198
-0.03034      0.04418       0.074520.02327    1.67277    1.6495     0.04518     1198     1198
-0.03034      0.04426       0.07460.02327    1.6698    1.64652     0.04531     1198     1198
-0.03034      0.04418       0.074520.02327    1.66964    1.64637     0.04527     1198     1198
-0.03034      0.04426       0.07460.02327    1.66789    1.64462     0.04536     1198     1198
-0.03034      0.04403       0.074370.02327    1.66934    1.64607     0.04518     1198     1198
-0.03034      0.04418       0.074520.02327    1.66896    1.64568     0.04528     1198     1198
-0.03034      0.04411       0.074450.02327    1.66812    1.64485     0.04526     1198     1198
-0.03034      0.04411       0.074450.02327    1.66857    1.6453     0.04525     1198     1198
-0.03034      0.04411       0.074450.02327    1.66857    1.6453     0.04525     1198     1198
-0.03034      0.04426       0.07460.02327    1.66804    1.64477     0.04536     1198     1198
-0.03034      0.04403       0.074370.02327    1.66842    1.64515     0.04521     1198     1198
-0.03034      0.04411       0.074450.02327    1.66835    1.64507     0.04525     1198     1198
-0.03034      0.04403       0.074370.02327    1.66857    1.6453     0.0452     1198     1198
-0.03034      0.04396       0.074290.02327    1.66812    1.64485     0.04517     1198     1198
-0.03034      0.04426       0.07460.02327    1.66865    1.64538     0.04534     1198     1198
-0.03034      0.04426       0.07460.02327    1.66827    1.645     0.04535     1198     1198
-0.03034      0.04411       0.074450.02327    1.66766    1.64439     0.04527     1198     1198
-0.03034      0.04426       0.07460.02327    1.66873    1.64546     0.04534     1198     1198
-0.03034      0.04434       0.074680.02327    1.66781    1.64454     0.04541     1198     1198
-0.03034      0.04434       0.074680.02327    1.66827    1.645     0.0454     1198     1198
-0.03034      0.04388       0.074220.02327    1.66827    1.645     0.04512     1198     1198
-0.03034      0.04434       0.074680.02327    1.66827    1.645     0.0454     1198     1198
-0.03034      0.04426       0.07460.02327    1.66888    1.64561     0.04533     1198     1198
-0.03034      0.04418       0.074520.02327    1.66819    1.64492     0.0453     1198     1198
-0.03034      0.04396       0.074290.02327    1.66819    1.64492     0.04517     1198     1198
-0.03034      0.04396       0.074290.02327    1.6685    1.64523     0.04516     1198     1198
-0.03034      0.04418       0.074520.02327    1.66835    1.64507     0.0453     1198     1198
-0.03034      0.04418       0.074520.02327    1.66751    1.64423     0.04532     1198     1198
-0.03034      0.04434       0.074680.02327    1.66835    1.64507     0.04539     1198     1198
