  ---------- Measurements R  ---------- 
      Vzero [V]    Vmeas [V]    V [V]    Izero[mA]     Imeas [mA]      I [mA]         R0 [Ohm]      T1[Np]      T2[Np]  
-0.03065      0.00237       0.033010.02322    0.10592    0.0827     0.39919     1196     1195
-0.03065      0.02274       0.053390.02322    0.89187    0.86864     0.06146     1196     1195
-0.03065      0.01358       0.044230.02322    0.50702    0.4838     0.09142     1196     1195
-0.03065      0.01351       0.044150.02322    0.50557    0.48235     0.09154     1196     1195
-0.03065      0.01358       0.044230.02322    0.50519    0.48197     0.09177     1196     1195
-0.03065      0.01351       0.044150.02322    0.50527    0.48204     0.0916     1196     1195
-0.03065      0.01343       0.044080.02322    0.50458    0.48136     0.09157     1196     1195
-0.03065      0.01343       0.044080.02322    0.50473    0.48151     0.09154     1196     1195
-0.03065      0.01328       0.043930.02322    0.50481    0.48159     0.09121     1196     1195
-0.03065      0.01328       0.043930.02322    0.50458    0.48136     0.09125     1196     1195
-0.03065      0.01343       0.044080.02322    0.50466    0.48143     0.09156     1196     1195
-0.03065      0.01335       0.0440.02322    0.50443    0.4812     0.09144     1196     1195
-0.03065      0.01328       0.043930.02322    0.50481    0.48159     0.09121     1196     1195
-0.03065      0.01343       0.044080.02322    0.5045    0.48128     0.09159     1196     1195
-0.03065      0.01335       0.0440.02322    0.50351    0.48029     0.09162     1196     1195
-0.03065      0.01351       0.044150.02322    0.50397    0.48075     0.09185     1196     1195
-0.03065      0.01328       0.043930.02322    0.5042    0.48098     0.09133     1196     1195
-0.03065      0.0132       0.043850.02322    0.5045    0.48128     0.09111     1196     1195
-0.03065      0.01335       0.0440.02322    0.50412    0.4809     0.0915     1196     1195
-0.03065      0.01374       0.044380.02322    0.50389    0.48067     0.09234     1196     1195
-0.03065      0.01335       0.0440.02322    0.5042    0.48098     0.09148     1196     1195
-0.03065      0.01366       0.044310.02322    0.50397    0.48075     0.09216     1196     1195
-0.03065      0.01343       0.044080.02322    0.50397    0.48075     0.09169     1196     1195
-0.03065      0.01335       0.0440.02322    0.50481    0.48159     0.09137     1196     1195
-0.03065      0.01366       0.044310.02322    0.50389    0.48067     0.09218     1196     1195
-0.03065      0.01335       0.0440.02322    0.50473    0.48151     0.09138     1196     1195
-0.03065      0.01343       0.044080.02322    0.50458    0.48136     0.09157     1196     1195
-0.03065      0.01335       0.0440.02322    0.50397    0.48075     0.09153     1196     1195
-0.03065      0.01351       0.044150.02322    0.50412    0.4809     0.09182     1196     1195
-0.03065      0.01335       0.0440.02322    0.50427    0.48105     0.09147     1196     1195
