  ---------- Measurements R  ---------- 
      Vzero [V]    Vmeas [V]    V [V]    Izero[mA]     Imeas [mA]      I [mA]         R0 [Ohm]      T1[Np]      T2[Np]  
-0.03054      0.06838       0.098920.02338    2.5    2.47662     0.03994     1200     1200
-0.03054      0.0696       0.100140.02338    2.5    2.47662     0.04043     1200     1200
-0.03054      0.0696       0.100140.02338    2.5    2.47662     0.04043     1200     1200
-0.03054      0.0696       0.100140.02338    2.5    2.47662     0.04043     1200     1200
-0.03054      0.0696       0.100140.02338    2.5    2.47662     0.04043     1200     1200
-0.03054      0.06922       0.099760.02338    2.5    2.47662     0.04028     1200     1200
-0.03054      0.06967       0.100220.02338    2.5    2.47662     0.04047     1200     1200
-0.03054      0.06952       0.100060.02338    2.5    2.47662     0.0404     1200     1200
-0.03054      0.06975       0.100290.02338    2.5    2.47662     0.0405     1200     1200
-0.03054      0.06937       0.099910.02338    2.5    2.47662     0.04034     1200     1200
-0.03054      0.06952       0.100060.02338    2.5    2.47662     0.0404     1200     1200
-0.03054      0.06975       0.100290.02338    2.5    2.47662     0.0405     1200     1200
-0.03054      0.06952       0.100060.02338    2.5    2.47662     0.0404     1200     1200
-0.03054      0.06937       0.099910.02338    2.5    2.47662     0.04034     1200     1200
-0.03054      0.06967       0.100220.02338    2.5    2.47662     0.04047     1200     1200
-0.03054      0.06983       0.100370.02338    2.5    2.47662     0.04053     1200     1200
-0.03054      0.06975       0.100290.02338    2.5    2.47662     0.0405     1200     1200
-0.03054      0.0696       0.100140.02338    2.5    2.47662     0.04043     1200     1200
-0.03054      0.06967       0.100220.02338    2.5    2.47662     0.04047     1200     1200
-0.03054      0.06967       0.100220.02338    2.5    2.47662     0.04047     1200     1200
-0.03054      0.06944       0.099990.02338    2.5    2.47662     0.04037     1200     1200
-0.03054      0.0696       0.100140.02338    2.5    2.47662     0.04043     1200     1200
-0.03054      0.0696       0.100140.02338    2.5    2.47662     0.04043     1200     1200
-0.03054      0.0696       0.100140.02338    2.5    2.47662     0.04043     1200     1200
-0.03054      0.06967       0.100220.02338    2.5    2.47662     0.04047     1200     1200
-0.03054      0.0696       0.100140.02338    2.5    2.47662     0.04043     1200     1200
-0.03054      0.06975       0.100290.02338    2.5    2.47662     0.0405     1200     1200
-0.03054      0.06983       0.100370.02338    2.5    2.47662     0.04053     1200     1200
-0.03054      0.0696       0.100140.02338    2.5    2.47662     0.04043     1200     1200
-0.03054      0.06975       0.100290.02338    2.5    2.47662     0.0405     1200     1200
