Tungsten Resistivity
----------------------------------
Temperature [K]	Res [Ohm m]
----------------------------------
300		5.44e-8
400		7.83e-8
500		10.34e-8
600		12.98e-8
700		15.75e-8
800		18.56e-8
900		21.47e-8
1000		24.43e-8
1200		30.54e-8
1300		33.68e-8
1400		36.86e-8
1500		40.09e-8
1600		43.36e-8
1700		46.67e-8
1800		50.02e-8
1900		53.41e-8
2000		56.83e-8
2200		63.76e-8
2400		70.81e-8
2600		77.98e-8
2800		85.26e-8
3000		92.66e-8
3200		100.2e-8
3400		107.8e-8
3600		115.6e-8